Time - RF	Amplitude - RF	Time - CRF	Amplitude - CRF	
0	10	0	-1	
1	9	1	-1	
2	9	2	-1	
3	9	3	-1	
4	9	4	-1	
5	9	5	-1	
6	9	6	-1	
7	8	7	-1	
8	8	8	-1	
9	8	9	-1	
10	8	10	-1	
11	7	11	-1	
12	7	12	-1	
13	7	13	-1	
14	7	14	-1	
15	6	15	-1	
16	6	16	-1	
17	6	17	-1	
18	6	18	-1	
19	5	19	-1	
20	5	20	-1	
21	5	21	-1	
22	5	22	-1	
23	4	23	-1	
24	4	24	-1	
25	4	25	-1	
26	4	26	-2	
27	3	27	-2	
28	3	28	-2	
29	3	29	-2	
30	3	30	-2	
31	3	31	-2	
32	2	32	-3	
33	2	33	-3	
34	2	34	-3	
35	2	35	-3	
36	1	36	-3	
37	1	37	-3	
38	1	38	-3	
39	1	39	-3	
40	0	40	-4	
41	0	41	-4	
42	0	42	-4	
43	0	43	-4	
44	-1	44	-4	
45	-1	45	-4	
46	-1	46	-4	
47	-1	47	-4	
48	-2	48	-3	
49	-2	49	-3	
50	-2	50	-3	
51	-2	51	-3	
52	-3	52	-3	
53	-3	53	-3	
54	-3	54	-3	
55	-3	55	-3	
56	-3	56	-3	
57	-4	57	-3	
58	-4	58	-3	
59	-4	59	-3	
60	-5	60	-2	
61	-5	61	-2	
62	-5	62	-2	
63	-5	63	-2	
64	-5	64	-2	
65	-6	65	-3	
66	-6	66	-3	
67	-6	67	-3	
68	-6	68	-3	
69	-7	69	-3	
70	-7	70	-3	
71	-7	71	-3	
72	-7	72	-3	
73	-7	73	-3	
74	-7	74	-3	
75	-7	75	-3	
76	-8	76	-3	
77	-8	77	-3	
78	-8	78	-3	
79	-8	79	-3	
80	-8	80	-3	
81	-9	81	-3	
82	-9	82	-3	
83	-9	83	-3	
84	-9	84	-3	
85	-10	85	-3	
86	-10	86	-3	
87	-10	87	-3	
88	-11	88	-3	
89	-11	89	-4	
90	-11	90	-4	
91	-12	91	-4	
92	-12	92	-4	
93	-12	93	-4	
94	-13	94	-4	
95	-13	95	-4	
96	-13	96	-4	
97	-13	97	-4	
98	-13	98	-4	
99	-14	99	-4	
100	-14	100	-4	
101	-14	101	-4	
102	-14	102	-5	
103	-14	103	-5	
104	-14	104	-5	
105	-14	105	-5	
106	-14	106	-5	
107	-15	107	-5	
108	-15	108	-5	
109	-15	109	-5	
110	-15	110	-4	
111	-15	111	-4	
112	-15	112	-4	
113	-15	113	-4	
114	-15	114	-4	
115	-15	115	-4	
116	-15	116	-4	
117	-15	117	-4	
118	-15	118	-3	
119	-15	119	-3	
120	-16	120	-3	
121	-16	121	-3	
122	-16	122	-3	
123	-16	123	-3	
124	-16	124	-2	
125	-16	125	-2	
126	-17	126	-2	
127	-17	127	-2	
128	-17	128	-2	
129	-17	129	-2	
130	-17	130	-2	
131	-17	131	-2	
132	-18	132	-2	
133	-18	133	-2	
134	-18	134	-2	
135	-19	135	-2	
136	-19	136	-2	
137	-19	137	-2	
138	-19	138	-2	
139	-19	139	-3	
140	-20	140	-3	
141	-20	141	-3	
142	-20	142	-3	
143	-20	143	-3	
144	-20	144	-3	
145	-21	145	-3	
146	-21	146	-3	
147	-21	147	-3	
148	-21	148	-3	
149	-21	149	-3	
150	-21	150	-3	
151	-21	151	-3	
152	-21	152	-3	
153	-21	153	-3	
154	-21	154	-4	
155	-21	155	-4	
156	-21	156	-4	
157	-22	157	-4	
158	-22	158	-3	
159	-22	159	-3	
160	-22	160	-3	
161	-22	161	-3	
162	-22	162	-3	
163	-22	163	-3	
164	-23	164	-3	
165	-23	165	-3	
166	-23	166	-3	
167	-23	167	-3	
168	-23	168	-3	
169	-24	169	-3	
170	-24	170	-3	
171	-24	171	-3	
172	-24	172	-3	
173	-25	173	-2	
174	-25	174	-2	
175	-25	175	-2	
176	-25	176	-2	
177	-26	177	-3	
178	-26	178	-3	
179	-26	179	-3	
180	-26	180	-3	
181	-26	181	-3	
182	-27	182	-3	
183	-27	183	-3	
184	-27	184	-3	
185	-27	185	-3	
186	-27	186	-3	
187	-27	187	-3	
188	-27	188	-3	
189	-27	189	-3	
190	-27	190	-3	
191	-27	191	-3	
192	-27	192	-3	
193	-27	193	-3	
194	-27	194	-3	
195	-27	195	-3	
196	-27	196	-3	
197	-27	197	-3	
198	-27	198	-2	
199	-27	199	-2	
200	-27	200	-2	
201	-27	201	-2	
202	-27	202	-2	
203	-27	203	-2	
204	-27	204	-2	
205	-27	205	-2	
206	-27	206	-2	
207	-28	207	-2	
208	-28	208	-2	
209	-28	209	-2	
210	-28	210	-2	
211	-28	211	-2	
212	-28	212	-2	
213	-28	213	-2	
214	-29	214	-2	
215	-29	215	-2	
216	-29	216	-2	
217	-29	217	-2	
218	-29	218	-2	
219	-30	219	-2	
220	-30	220	-2	
221	-30	221	-2	
222	-30	222	-2	
223	-30	223	-2	
224	-30	224	-2	
225	-31	225	-2	
226	-31	226	-2	
227	-31	227	-2	
228	-31	228	-2	
229	-31	229	-2	
230	-31	230	-2	
231	-31	231	-2	
232	-31	232	-2	
233	-31	233	-2	
234	-31	234	-2	
235	-31	235	-1	
236	-31	236	-1	
237	-31	237	-1	
238	-31	238	-1	
239	-31	239	-1	
240	-31	240	-2	
241	-31	241	-2	
242	-31	242	-2	
243	-31	243	-2	
244	-31	244	-2	
245	-31	245	-2	
246	-32	246	-2	
247	-32	247	-2	
248	-32	248	-2	
249	-32	249	-2	
250	-32	250	-2	
251	-32	251	-2	
252	-32	252	-2	
253	-32	253	-2	
254	-32	254	-2	
255	-32	255	-2	
256	-32	256	-2	
257	-33	257	-2	
258	-33	258	-2	
259	-33	259	-2	
260	-33	260	-2	
261	-33	261	-1	
262	-33	262	-1	
263	-33	263	-1	
264	-33	264	-1	
265	-33	265	-1	
266	-33	266	-1	
267	-33	267	-1	
268	-33	268	-1	
269	-33	269	-1	
270	-33	270	-1	
271	-33	271	-1	
272	-33	272	-1	
273	-33	273	-1	
274	-33	274	-1	
275	-33	275	-1	
276	-33	276	-1	
277	-33	277	-2	
278	-33	278	-2	
279	-33	279	-2	
280	-33	280	-2	
281	-33	281	-2	
282	-33	282	-2	
283	-33	283	-2	
284	-33	284	-2	
285	-33	285	-2	
286	-33	286	-2	
287	-33	287	-2	
288	-33	288	-2	
289	-33	289	-2	
290	-33	290	-2	
291	-33	291	-2	
292	-33	292	-3	
293	-33	293	-3	
294	-33	294	-3	
295	-33	295	-3	
296	-33	296	-2	
297	-33	297	-2	
298	-33	298	-2	
299	-33	299	-2	
300	-33	300	-2	
301	-33	301	-2	
302	-33	302	-2	
303	-33	303	-2	
304	-33	304	-2	
305	-32	305	-2	
306	-32	306	-2	
307	-32	307	-2	
308	-32	308	-2	
309	-32	309	-2	
310	-32	310	-2	
311	-32	311	-1	
312	-32	312	-1	
313	-32	313	-1	
314	-32	314	-1	
315	-32	315	-1	
316	-32	316	-1	
317	-31	317	-1	
318	-31	318	-1	
319	-31	319	-1	
320	-31	320	-1	
321	-31	321	-1	
322	-31	322	0	
323	-31	323	0	
324	-31	324	0	
325	-31	325	0	
326	-31	326	0	
327	-31	327	-1	
328	-31	328	-1	
329	-30	329	-1	
330	-30	330	-1	
331	-30	331	-1	
332	-30	332	-1	
333	-30	333	-1	
334	-30	334	-1	
335	-30	335	-1	
336	-30	336	-1	
337	-30	337	-1	
338	-30	338	-1	
339	-30	339	-1	
340	-30	340	-1	
341	-29	341	-1	
342	-29	342	-1	
343	-29	343	-1	
344	-29	344	-1	
345	-29	345	-1	
346	-29	346	-1	
347	-29	347	-1	
348	-30	348	-1	
349	-30	349	0	
350	-30	350	0	
351	-30	351	0	
352	-29	352	0	
353	-29	353	0	
354	-29	354	0	
355	-29	355	0	
356	-29	356	0	
357	-29	357	0	
358	-29	358	0	
359	-29	359	0	
360	-28	360	0	
361	-28	361	1	
362	-28	362	1	
363	-28	363	1	
364	-27	364	1	
365	-27	365	1	
366	-27	366	1	
367	-27	367	1	
368	-26	368	2	
369	-26	369	2	
370	-26	370	2	
371	-26	371	2	
372	-26	372	2	
373	-26	373	2	
374	-25	374	3	
375	-25	375	3	
376	-25	376	3	
377	-25	377	3	
378	-25	378	3	
379	-25	379	3	
380	-24	380	3	
381	-24	381	3	
382	-24	382	3	
383	-24	383	3	
384	-24	384	3	
385	-24	385	3	
386	-23	386	3	
387	-23	387	3	
388	-23	388	3	
389	-23	389	3	
390	-23	390	3	
391	-23	391	3	
392	-23	392	3	
393	-22	393	3	
394	-22	394	3	
395	-22	395	3	
396	-22	396	3	
397	-22	397	3	
398	-22	398	4	
399	-21	399	4	
400	-21	400	4	
401	-21	401	4	
402	-21	402	4	
403	-21	403	4	
404	-21	404	4	
405	-20	405	4	
406	-20	406	4	
407	-20	407	4	
408	-20	408	4	
409	-20	409	4	
410	-20	410	4	
411	-20	411	4	
412	-19	412	4	
413	-19	413	4	
414	-19	414	4	
415	-19	415	4	
416	-19	416	4	
417	-19	417	4	
418	-18	418	4	
419	-18	419	4	
420	-18	420	4	
421	-18	421	4	
422	-17	422	4	
423	-17	423	4	
424	-17	424	4	
425	-17	425	4	
426	-16	426	4	
427	-16	427	4	
428	-16	428	4	
429	-16	429	4	
430	-15	430	4	
431	-15	431	4	
432	-15	432	4	
433	-15	433	4	
434	-15	434	4	
435	-15	435	5	
436	-14	436	5	
437	-14	437	5	
438	-14	438	5	
439	-14	439	5	
440	-14	440	4	
441	-14	441	4	
442	-14	442	4	
443	-13	443	4	
444	-13	444	4	
445	-13	445	4	
446	-13	446	4	
447	-13	447	4	
448	-13	448	4	
449	-12	449	4	
450	-12	450	4	
451	-12	451	4	
452	-12	452	4	
453	-12	453	4	
454	-12	454	4	
455	-11	455	4	
456	-11	456	4	
457	-11	457	4	
458	-11	458	4	
459	-11	459	4	
460	-10	460	4	
461	-10	461	4	
462	-10	462	4	
463	-10	463	4	
464	-9	464	4	
465	-9	465	4	
466	-9	466	4	
467	-9	467	4	
468	-8	468	4	
469	-8	469	4	
470	-8	470	4	
471	-8	471	4	
472	-7	472	4	
473	-7	473	4	
474	-7	474	4	
475	-7	475	4	
476	-6	476	4	
477	-6	477	4	
478	-6	478	4	
479	-6	479	4	
480	-5	480	4	
481	-5	481	4	
482	-5	482	4	
483	-5	483	4	
484	-5	484	4	
485	-5	485	4	
486	-4	486	5	
487	-4	487	5	
488	-4	488	5	
489	-4	489	5	
490	-4	490	5	
491	-4	491	5	
492	-4	492	5	
493	-3	493	5	
494	-3	494	5	
495	-3	495	5	
496	-3	496	5	
497	-3	497	5	
498	-3	498	5	
499	-2	499	5	
500	-2	500	5	
501	-2	501	5	
502	-2	502	5	
503	-2	503	5	
504	-2	504	5	
505	-1	505	5	
506	-1	506	5	
507	-1	507	5	
508	-1	508	5	
509	-1	509	5	
510	0	510	5	
511	0	511	6	
512	0	512	6	
513	0	513	6	
514	1	514	6	
515	1	515	6	
516	1	516	6	
517	1	517	6	
518	2	518	6	
519	2	519	6	
520	2	520	6	
521	3	521	6	
522	3	522	6	
523	3	523	6	
524	4	524	6	
525	4	525	6	
526	4	526	6	
527	5	527	6	
528	5	528	6	
529	5	529	6	
530	5	530	6	
531	6	531	6	
532	6	532	6	
533	6	533	6	
534	7	534	6	
535	7	535	6	
536	7	536	6	
537	7	537	6	
538	7	538	6	
539	8	539	6	
540	8	540	6	
541	8	541	6	
542	8	542	6	
543	9	543	6	
544	9	544	6	
545	9	545	6	
546	9	546	6	
547	10	547	6	
548	10	548	6	
549	10	549	6	
550	10	550	6	
551	11	551	6	
552	11	552	6	
553	11	553	6	
554	11	554	6	
555	12	555	6	
556	12	556	6	
557	12	557	6	
558	12	558	6	
559	12	559	6	
560	12	560	7	
561	13	561	7	
562	13	562	7	
563	13	563	7	
564	13	564	7	
565	13	565	6	
566	13	566	6	
567	13	567	6	
568	14	568	6	
569	14	569	6	
570	14	570	6	
571	14	571	6	
572	14	572	6	
573	14	573	6	
574	15	574	6	
575	15	575	6	
576	15	576	6	
577	15	577	6	
578	15	578	6	
579	15	579	6	
580	16	580	6	
581	16	581	6	
582	16	582	6	
583	16	583	6	
584	16	584	6	
585	17	585	6	
586	17	586	7	
587	17	587	7	
588	17	588	7	
589	18	589	7	
590	18	590	7	
591	18	591	7	
592	18	592	7	
593	19	593	7	
594	19	594	7	
595	19	595	7	
596	19	596	7	
597	19	597	7	
598	19	598	7	
599	20	599	7	
600	20	600	7	
601	20	601	7	
602	20	602	6	
603	20	603	6	
604	20	604	6	
605	21	605	6	
606	21	606	6	
607	21	607	6	
608	21	608	6	
609	21	609	6	
610	21	610	6	
611	22	611	6	
612	22	612	6	
613	22	613	6	
614	22	614	6	
615	22	615	6	
616	22	616	6	
617	22	617	6	
618	23	618	6	
619	23	619	6	
620	23	620	6	
621	23	621	6	
622	23	622	6	
623	23	623	7	
624	24	624	7	
625	24	625	7	
626	24	626	7	
627	24	627	7	
628	24	628	6	
629	24	629	6	
630	25	630	6	
631	25	631	6	
632	25	632	6	
633	25	633	6	
634	25	634	6	
635	25	635	6	
636	25	636	6	
637	25	637	6	
638	25	638	6	
639	25	639	5	
640	25	640	5	
641	25	641	5	
642	26	642	5	
643	26	643	5	
644	26	644	5	
645	26	645	5	
646	26	646	5	
647	26	647	5	
648	26	648	5	
649	27	649	5	
650	27	650	5	
651	27	651	5	
652	27	652	5	
653	27	653	5	
654	27	654	5	
655	28	655	5	
656	28	656	5	
657	28	657	5	
658	28	658	5	
659	28	659	5	
660	28	660	6	
661	28	661	6	
662	28	662	6	
663	28	663	6	
664	28	664	6	
665	28	665	6	
666	28	666	5	
667	29	667	5	
668	29	668	5	
669	29	669	5	
670	29	670	5	
671	29	671	5	
672	29	672	5	
673	29	673	5	
674	29	674	5	
675	29	675	5	
676	29	676	4	
677	29	677	4	
678	29	678	4	
679	30	679	4	
680	30	680	4	
681	30	681	4	
682	30	682	4	
683	30	683	4	
684	30	684	4	
685	30	685	4	
686	30	686	4	
687	30	687	4	
688	30	688	4	
689	30	689	4	
690	30	690	4	
691	30	691	4	
692	30	692	4	
693	30	693	4	
694	30	694	4	
695	30	695	4	
696	30	696	4	
697	30	697	4	
698	30	698	5	
699	30	699	5	
700	30	700	5	
701	30	701	5	
702	30	702	4	
703	30	703	4	
704	30	704	4	
705	31	705	4	
706	31	706	4	
707	31	707	4	
708	31	708	4	
709	31	709	4	
710	31	710	4	
711	31	711	4	
712	31	712	4	
713	31	713	4	
714	31	714	4	
715	31	715	4	
716	32	716	4	
717	32	717	4	
718	32	718	4	
719	32	719	4	
720	32	720	4	
721	32	721	4	
722	32	722	4	
723	32	723	4	
724	32	724	4	
725	32	725	4	
726	32	726	4	
727	32	727	3	
728	32	728	3	
729	32	729	3	
730	32	730	3	
731	32	731	3	
732	32	732	3	
733	31	733	3	
734	31	734	3	
735	31	735	3	
736	31	736	3	
737	31	737	3	
738	31	738	3	
739	31	739	2	
740	31	740	2	
741	31	741	2	
742	31	742	2	
743	31	743	2	
744	31	744	2	
745	31	745	2	
746	31	746	2	
747	31	747	2	
748	31	748	2	
749	31	749	2	
750	31	750	2	
751	31	751	2	
752	31	752	2	
753	31	753	2	
754	31	754	2	
755	31	755	2	
756	31	756	2	
757	31	757	2	
758	30	758	2	
759	30	759	2	
760	30	760	3	
761	30	761	3	
762	30	762	3	
763	30	763	3	
764	30	764	3	
765	30	765	2	
766	30	766	2	
767	30	767	2	
768	30	768	2	
769	30	769	2	
770	30	770	2	
771	30	771	2	
772	30	772	2	
773	30	773	2	
774	30	774	2	
775	30	775	2	
776	30	776	2	
777	30	777	2	
778	30	778	2	
779	30	779	2	
780	30	780	2	
781	30	781	2	
782	30	782	2	
783	29	783	2	
784	29	784	2	
785	29	785	3	
786	29	786	3	
787	29	787	3	
788	29	788	3	
789	29	789	3	
790	29	790	3	
791	29	791	2	
792	29	792	2	
793	29	793	2	
794	29	794	2	
795	28	795	2	
796	28	796	2	
797	28	797	2	
798	28	798	2	
799	28	799	2	
800	28	800	2	
801	28	801	1	
802	28	802	1	
803	28	803	1	
804	28	804	1	
805	28	805	1	
806	28	806	1	
807	28	807	1	
808	28	808	1	
809	28	809	1	
810	28	810	1	
811	28	811	1	
812	28	812	1	
813	28	813	1	
814	28	814	1	
815	28	815	1	
816	28	816	1	
817	28	817	1	
818	28	818	1	
819	27	819	1	
820	27	820	1	
821	27	821	1	
822	27	822	1	
823	27	823	1	
824	26	824	1	
825	26	825	1	
826	26	826	1	
827	26	827	1	
828	25	828	1	
829	25	829	1	
830	25	830	1	
831	25	831	1	
832	24	832	1	
833	24	833	1	
834	24	834	1	
835	24	835	1	
836	24	836	1	
837	24	837	1	
838	23	838	1	
839	23	839	1	
840	23	840	1	
841	23	841	1	
842	23	842	1	
843	23	843	1	
844	22	844	1	
845	22	845	1	
846	22	846	1	
847	22	847	1	
848	21	848	1	
849	21	849	1	
850	21	850	1	
851	21	851	0	
852	20	852	0	
853	20	853	0	
854	20	854	0	
855	20	855	0	
856	20	856	0	
857	19	857	0	
858	19	858	-1	
859	19	859	-1	
860	19	860	-1	
861	19	861	-1	
862	19	862	-1	
863	19	863	-2	
864	19	864	-2	
865	19	865	-2	
866	19	866	-2	
867	19	867	-2	
868	19	868	-3	
869	19	869	-3	
870	18	870	-3	
871	18	871	-3	
872	18	872	-3	
873	18	873	-3	
874	18	874	-3	
875	18	875	-3	
876	17	876	-3	
877	17	877	-3	
878	17	878	-3	
879	17	879	-3	
880	17	880	-3	
881	17	881	-3	
882	16	882	-3	
883	16	883	-3	
884	16	884	-3	
885	16	885	-3	
886	15	886	-2	
887	15	887	-2	
888	15	888	-2	
889	15	889	-2	
890	14	890	-3	
891	14	891	-3	
892	14	892	-3	
893	14	893	-3	
894	13	894	-3	
895	13	895	-3	
896	13	896	-3	
897	13	897	-3	
898	13	898	-3	
899	13	899	-3	
900	13	900	-3	
901	12	901	-3	
902	12	902	-3	
903	12	903	-3	
904	12	904	-3	
905	12	905	-3	
906	12	906	-3	
907	11	907	-3	
908	11	908	-3	
909	11	909	-3	
910	11	910	-3	
911	10	911	-3	
912	10	912	-3	
913	10	913	-3	
914	10	914	-3	
915	9	915	-3	
916	9	916	-3	
917	9	917	-3	
918	9	918	-3	
919	8	919	-3	
920	8	920	-3	
921	8	921	-3	
922	8	922	-3	
923	7	923	-3	
924	7	924	-3	
925	7	925	-3	
926	7	926	-3	
927	6	927	-3	
928	6	928	-3	
929	6	929	-3	
930	6	930	-3	
931	6	931	-3	
932	5	932	-3	
933	5	933	-3	
934	5	934	-3	
935	5	935	-3	
936	5	936	-3	
937	5	937	-3	
938	4	938	-3	
939	4	939	-3	
940	4	940	-3	
941	4	941	-3	
942	4	942	-3	
943	4	943	-3	
944	3	944	-3	
945	3	945	-3	
946	3	946	-3	
947	3	947	-3	
948	2	948	-3	
949	2	949	-3	
950	2	950	-3	
951	2	951	-3	
952	2	952	-3	
953	1	953	-3	
954	1	954	-3	
955	1	955	-3	
956	1	956	-3	
957	0	957	-3	
958	0	958	-3	
959	0	959	-3	
960	0	960	-3	
961	-1	961	-3	
962	-1	962	-3	
963	-1	963	-3	
964	-1	964	-3	
965	-2	965	-3	
966	-2	966	-3	
967	-2	967	-3	
968	-2	968	-3	
969	-3	969	-3	
970	-3	970	-3	
971	-3	971	-3	
972	-3	972	-3	
973	-4	973	-3	
974	-4	974	-3	
975	-4	975	-3	
976	-4	976	-3	
977	-5	977	-3	
978	-5	978	-3	
979	-5	979	-3	
980	-5	980	-3	
981	-5	981	-3	
982	-6	982	-3	
983	-6	983	-3	
984	-6	984	-3	
985	-6	985	-3	
986	-6	986	-3	
987	-6	987	-3	
988	-7	988	-3	
989	-7	989	-4	
990	-7	990	-4	
991	-7	991	-4	
992	-7	992	-4	
993	-7	993	-4	
994	-8	994	-4	
995	-8	995	-4	
996	-8	996	-4	
997	-8	997	-4	
998	-8	998	-4	
999	-8	999	-4	
1000	-8	1000	-4	
1001	-9	1001	-4	
1002	-9	1002	-4	
1003	-9	1003	-4	
1004	-9	1004	-5	
1005	-9	1005	-5	
1006	-9	1006	-5	
1007	-10	1007	-5	
1008	-10	1008	-4	
1009	-10	1009	-4	
1010	-10	1010	-4	
1011	-11	1011	-4	
1012	-11	1012	-4	
1013	-11	1013	-4	
1014	-11	1014	-4	
1015	-12	1015	-4	
1016	-12	1016	-4	
1017	-12	1017	-4	
1018	-12	1018	-4	
1019	-13	1019	-4	
1020	-13	1020	-4	
1021	-13	1021	-4	
1022	-13	1022	-4	
1023	-13	1023	-3	
1024	-13	1024	-3	
1025	-14	1025	-3	
1026	-14	1026	-3	
1027	-14	1027	-4	
1028	-14	1028	-4	
1029	-14	1029	-4	
1030	-14	1030	-4	
1031	-14	1031	-4	
1032	-15	1032	-4	
1033	-15	1033	-4	
1034	-15	1034	-4	
1035	-15	1035	-4	
1036	-15	1036	-4	
1037	-15	1037	-4	
1038	-15	1038	-4	
1039	-16	1039	-4	
1040	-16	1040	-4	
1041	-16	1041	-4	
1042	-16	1042	-4	
1043	-16	1043	-4	
1044	-17	1044	-4	
1045	-17	1045	-4	
1046	-17	1046	-4	
1047	-17	1047	-4	
1048	-18	1048	-3	
1049	-18	1049	-3	
1050	-18	1050	-3	
1051	-18	1051	-3	
1052	-19	1052	-3	
1053	-19	1053	-3	
1054	-19	1054	-3	
1055	-19	1055	-3	
1056	-19	1056	-3	
1057	-20	1057	-3	
1058	-20	1058	-3	
1059	-20	1059	-3	
1060	-20	1060	-3	
1061	-20	1061	-3	
1062	-20	1062	-3	
1063	-21	1063	-3	
1064	-21	1064	-3	
1065	-21	1065	-3	
1066	-21	1066	-3	
1067	-21	1067	-3	
1068	-21	1068	-3	
1069	-22	1069	-3	
1070	-22	1070	-3	
1071	-22	1071	-3	
1072	-22	1072	-3	
1073	-22	1073	-2	
1074	-22	1074	-2	
1075	-22	1075	-2	
1076	-23	1076	-2	
1077	-23	1077	-2	
1078	-23	1078	-2	
1079	-23	1079	-2	
1080	-23	1080	-2	
1081	-23	1081	-2	
1082	-24	1082	-2	
1083	-24	1083	-2	
1084	-24	1084	-2	
1085	-24	1085	-2	
1086	-25	1086	-2	
1087	-25	1087	-2	
1088	-25	1088	-2	
1089	-25	1089	-2	
1090	-26	1090	-2	
1091	-26	1091	-2	
1092	-26	1092	-2	
1093	-26	1093	-2	
1094	-27	1094	-2	
1095	-27	1095	-2	
1096	-27	1096	-2	
1097	-27	1097	-2	
1098	-27	1098	-2	
1099	-27	1099	-2	
1100	-28	1100	-2	
1101	-28	1101	-2	
1102	-28	1102	-2	
1103	-28	1103	-2	
1104	-28	1104	-2	
1105	-28	1105	-2	
1106	-28	1106	-2	
1107	-29	1107	-2	
1108	-29	1108	-2	
1109	-29	1109	-2	
1110	-29	1110	-2	
1111	-29	1111	-2	
1112	-29	1112	-2	
1113	-29	1113	-2	
1114	-29	1114	-2	
1115	-29	1115	-2	
1116	-29	1116	-2	
1117	-29	1117	-2	
1118	-29	1118	-2	
1119	-29	1119	-2	
1120	-29	1120	-2	
1121	-29	1121	-2	
1122	-29	1122	-2	
1123	-29	1123	-2	
1124	-29	1124	-2	
1125	-29	1125	-2	
1126	-29	1126	-2	
1127	-29	1127	-2	
1128	-29	1128	-2	
1129	-29	1129	-2	
1130	-29	1130	-2	
1131	-29	1131	-2	
1132	-29	1132	-2	
1133	-29	1133	-2	
1134	-30	1134	-2	
1135	-30	1135	-2	
1136	-30	1136	-2	
1137	-30	1137	-2	
1138	-30	1138	-2	
1139	-30	1139	-2	
1140	-30	1140	-2	
1141	-30	1141	-2	
1142	-30	1142	-2	
1143	-30	1143	-2	
1144	-31	1144	-2	
1145	-31	1145	-2	
1146	-31	1146	-2	
1147	-31	1147	-2	
1148	-31	1148	-2	
1149	-31	1149	-2	
1150	-32	1150	-2	
1151	-32	1151	-2	
1152	-32	1152	-2	
1153	-32	1153	-2	
1154	-32	1154	-2	
1155	-32	1155	-2	
1156	-32	1156	-2	
1157	-33	1157	-2	
1158	-33	1158	-2	
1159	-33	1159	-2	
1160	-33	1160	-2	
1161	-33	1161	-2	
1162	-33	1162	-2	
1163	-33	1163	-2	
1164	-33	1164	-2	
1165	-33	1165	-2	
1166	-33	1166	-2	
1167	-33	1167	-3	
1168	-33	1168	-3	
1169	-33	1169	-3	
1170	-33	1170	-3	
1171	-33	1171	-2	
1172	-33	1172	-2	
1173	-33	1173	-2	
1174	-33	1174	-2	
1175	-33	1175	-2	
1176	-33	1176	-2	
1177	-33	1177	-2	
1178	-33	1178	-2	
1179	-33	1179	-2	
1180	-33	1180	-2	
1181	-33	1181	-1	
1182	-33	1182	-1	
1183	-33	1183	-1	
1184	-33	1184	-1	
1185	-33	1185	-1	
1186	-33	1186	-1	
1187	-33	1187	0	
1188	-33	1188	0	
1189	-33	1189	0	
1190	-33	1190	0	
1191	-33	1191	0	
1192	-33	1192	0	
1193	-33	1193	0	
1194	-33	1194	0	
1195	-33	1195	0	
1196	-33	1196	0	
1197	-33	1197	0	
1198	-33	1198	0	
1199	-33	1199	0	
1200	-33	1200	0	
1201	-33	1201	0	
1202	-33	1202	0	
1203	-33	1203	0	
1204	-33	1204	0	
1205	-33	1205	0	
1206	-33	1206	0	
1207	-33	1207	0	
1208	-33	1208	0	
1209	-33	1209	0	
1210	-33	1210	0	
1211	-33	1211	1	
1212	-33	1212	1	
1213	-33	1213	1	
1214	-33	1214	1	
1215	-33	1215	1	
1216	-33	1216	1	
1217	-33	1217	1	
1218	-33	1218	1	
1219	-33	1219	1	
1220	-33	1220	1	
1221	-33	1221	1	
1222	-33	1222	1	
1223	-33	1223	1	
1224	-33	1224	1	
1225	-33	1225	1	
1226	-33	1226	0	
1227	-33	1227	0	
1228	-33	1228	0	
1229	-33	1229	0	
1230	-32	1230	0	
1231	-32	1231	0	
1232	-32	1232	0	
1233	-32	1233	0	
1234	-32	1234	0	
1235	-32	1235	0	
1236	-32	1236	0	
1237	-31	1237	0	
1238	-31	1238	0	
1239	-31	1239	0	
1240	-31	1240	0	
1241	-31	1241	0	
1242	-31	1242	0	
1243	-30	1243	1	
1244	-30	1244	1	
1245	-30	1245	1	
1246	-30	1246	1	
1247	-30	1247	1	
1248	-30	1248	1	
1249	-30	1249	2	
1250	-30	1250	2	
1251	-30	1251	2	
1252	-30	1252	2	
1253	-29	1253	2	
1254	-29	1254	2	
1255	-29	1255	2	
1256	-29	1256	2	
1257	-29	1257	2	
1258	-29	1258	2	
1259	-29	1259	2	
1260	-29	1260	2	
1261	-29	1261	2	
1262	-29	1262	2	
1263	-29	1263	2	
1264	-29	1264	1	
1265	-29	1265	1	
1266	-29	1266	1	
1267	-29	1267	1	
1268	-29	1268	1	
1269	-29	1269	1	
1270	-29	1270	1	
1271	-29	1271	1	
1272	-29	1272	1	
1273	-29	1273	1	
1274	-29	1274	1	
1275	-29	1275	1	
1276	-29	1276	1	
1277	-29	1277	1	
1278	-29	1278	1	
1279	-29	1279	1	
1280	-28	1280	1	
1281	-28	1281	1	
1282	-28	1282	1	
1283	-28	1283	1	
1284	-28	1284	1	
1285	-27	1285	1	
1286	-27	1286	2	
1287	-27	1287	2	
1288	-27	1288	2	
1289	-26	1289	2	
1290	-26	1290	2	
1291	-26	1291	2	
1292	-26	1292	2	
1293	-25	1293	2	
1294	-25	1294	2	
1295	-25	1295	2	
1296	-25	1296	2	
1297	-25	1297	2	
1298	-25	1298	2	
1299	-25	1299	2	
1300	-25	1300	2	
1301	-25	1301	2	
1302	-25	1302	2	
1303	-25	1303	2	
1304	-25	1304	2	
1305	-24	1305	3	
1306	-24	1306	3	
1307	-24	1307	3	
1308	-24	1308	3	
1309	-24	1309	3	
1310	-23	1310	3	
1311	-23	1311	4	
1312	-23	1312	4	
1313	-23	1313	4	
1314	-22	1314	4	
1315	-22	1315	4	
1316	-22	1316	3	
1317	-22	1317	3	
1318	-21	1318	3	
1319	-21	1319	3	
1320	-21	1320	3	
1321	-21	1321	3	
1322	-21	1322	3	
1323	-21	1323	3	
1324	-21	1324	3	
1325	-21	1325	3	
1326	-21	1326	3	
1327	-21	1327	2	
1328	-21	1328	2	
1329	-20	1329	2	
1330	-20	1330	2	
1331	-20	1331	2	
1332	-20	1332	2	
1333	-20	1333	2	
1334	-20	1334	2	
1335	-20	1335	3	
1336	-20	1336	3	
1337	-19	1337	3	
1338	-19	1338	3	
1339	-19	1339	3	
1340	-19	1340	3	
1341	-19	1341	3	
1342	-19	1342	3	
1343	-18	1343	4	
1344	-18	1344	4	
1345	-18	1345	4	
1346	-18	1346	4	
1347	-17	1347	4	
1348	-17	1348	4	
1349	-17	1349	5	
1350	-17	1350	5	
1351	-16	1351	5	
1352	-16	1352	5	
1353	-16	1353	5	
1354	-16	1354	5	
1355	-15	1355	5	
1356	-15	1356	5	
1357	-15	1357	5	
1358	-15	1358	5	
1359	-15	1359	5	
1360	-15	1360	5	
1361	-14	1361	5	
1362	-14	1362	5	
1363	-14	1363	5	
1364	-14	1364	5	
1365	-14	1365	5	
1366	-14	1366	5	
1367	-14	1367	5	
1368	-13	1368	5	
1369	-13	1369	5	
1370	-13	1370	5	
1371	-13	1371	5	
1372	-13	1372	5	
1373	-12	1373	6	
1374	-12	1374	6	
1375	-12	1375	6	
1376	-12	1376	6	
1377	-11	1377	5	
1378	-11	1378	5	
1379	-11	1379	5	
1380	-11	1380	5	
1381	-10	1381	5	
1382	-10	1382	5	
1383	-10	1383	5	
1384	-9	1384	5	
1385	-9	1385	5	
1386	-8	1386	5	
1387	-8	1387	5	
1388	-8	1388	5	
1389	-8	1389	5	
1390	-7	1390	4	
1391	-7	1391	4	
1392	-7	1392	4	
1393	-6	1393	4	
1394	-6	1394	4	
1395	-6	1395	4	
1396	-6	1396	4	
1397	-6	1397	4	
1398	-6	1398	5	
1399	-6	1399	5	
1400	-6	1400	5	
1401	-6	1401	5	
1402	-6	1402	5	
1403	-6	1403	5	
1404	-5	1404	5	
1405	-5	1405	6	
1406	-5	1406	6	
1407	-5	1407	6	
1408	-5	1408	6	
1409	-5	1409	6	
1410	-5	1410	6	
1411	-5	1411	7	
1412	-5	1412	7	
1413	-4	1413	7	
1414	-4	1414	7	
1415	-4	1415	7	
1416	-4	1416	7	
1417	-4	1417	6	
1418	-3	1418	6	
1419	-3	1419	6	
1420	-3	1420	6	
1421	-3	1421	6	
1422	-2	1422	6	
1423	-2	1423	6	
1424	-2	1424	6	
1425	-1	1425	6	
1426	-1	1426	5	
1427	-1	1427	5	
1428	0	1428	5	
1429	0	1429	5	
1430	0	1430	5	
1431	1	1431	5	
1432	1	1432	5	
1433	2	1433	5	
1434	2	1434	5	
1435	2	1435	5	
1436	3	1436	5	
1437	3	1437	5	
1438	3	1438	5	
1439	3	1439	5	
1440	4	1440	5	
1441	4	1441	5	
1442	4	1442	5	
1443	5	1443	6	
1444	5	1444	6	
1445	5	1445	6	
1446	5	1446	6	
1447	5	1447	6	
1448	5	1448	6	
1449	6	1449	7	
1450	6	1450	7	
1451	6	1451	7	
1452	6	1452	7	
1453	6	1453	6	
1454	6	1454	6	
1455	7	1455	6	
1456	7	1456	6	
1457	7	1457	6	
1458	7	1458	6	
1459	7	1459	6	
1460	8	1460	6	
1461	8	1461	6	
1462	8	1462	6	
1463	8	1463	6	
1464	9	1464	6	
1465	9	1465	6	
1466	9	1466	6	
1467	9	1467	5	
1468	10	1468	5	
1469	10	1469	5	
1470	10	1470	5	
1471	10	1471	6	
1472	11	1472	6	
1473	11	1473	6	
1474	11	1474	6	
1475	11	1475	6	
1476	12	1476	6	
1477	12	1477	6	
1478	12	1478	6	
1479	12	1479	6	
1480	13	1480	6	
1481	13	1481	6	
1482	13	1482	6	
1483	13	1483	6	
1484	14	1484	6	
1485	14	1485	6	
1486	14	1486	7	
1487	14	1487	7	
1488	14	1488	7	
1489	15	1489	7	
1490	15	1490	7	
1491	15	1491	7	
1492	15	1492	7	
1493	16	1493	7	
1494	16	1494	7	
1495	16	1495	7	
1496	16	1496	7	
1497	16	1497	7	
1498	17	1498	7	
1499	17	1499	7	
1500	17	1500	7	
1501	17	1501	7	
1502	17	1502	6	
1503	17	1503	6	
1504	17	1504	6	
1505	18	1505	6	
1506	18	1506	6	
1507	18	1507	6	
1508	18	1508	6	
1509	18	1509	6	
1510	18	1510	6	
1511	18	1511	6	
1512	18	1512	6	
1513	18	1513	6	
1514	18	1514	6	
1515	18	1515	6	
1516	18	1516	6	
1517	19	1517	6	
1518	19	1518	6	
1519	19	1519	6	
1520	19	1520	6	
1521	19	1521	6	
1522	19	1522	6	
1523	19	1523	7	
1524	20	1524	7	
1525	20	1525	7	
1526	20	1526	7	
1527	20	1527	6	
1528	20	1528	6	
1529	20	1529	6	
1530	21	1530	6	
1531	21	1531	6	
1532	21	1532	6	
1533	21	1533	6	
1534	21	1534	6	
1535	21	1535	6	
1536	22	1536	6	
1537	22	1537	6	
1538	22	1538	6	
1539	22	1539	6	
1540	22	1540	6	
1541	22	1541	6	
1542	22	1542	5	
1543	23	1543	5	
1544	23	1544	5	
1545	23	1545	5	
1546	23	1546	6	
1547	23	1547	6	
1548	23	1548	6	
1549	24	1549	6	
1550	24	1550	6	
1551	24	1551	6	
1552	24	1552	6	
1553	24	1553	6	
1554	24	1554	6	
1555	25	1555	6	
1556	25	1556	6	
1557	25	1557	6	
1558	25	1558	6	
1559	25	1559	6	
1560	25	1560	7	
1561	25	1561	7	
1562	25	1562	7	
1563	25	1563	7	
1564	25	1564	7	
1565	25	1565	6	
1566	25	1566	6	
1567	26	1567	6	
1568	26	1568	6	
1569	26	1569	6	
1570	26	1570	6	
1571	26	1571	6	
1572	26	1572	6	
1573	26	1573	6	
1574	27	1574	6	
1575	27	1575	6	
1576	27	1576	6	
1577	27	1577	6	
1578	27	1578	6	
1579	27	1579	6	
1580	28	1580	6	
1581	28	1581	6	
1582	28	1582	6	
1583	28	1583	6	
1584	28	1584	6	
1585	28	1585	6	
1586	28	1586	6	
1587	28	1587	6	
1588	28	1588	6	
1589	28	1589	5	
1590	28	1590	5	
1591	28	1591	5	
1592	28	1592	5	
1593	28	1593	5	
1594	28	1594	5	
1595	28	1595	5	
1596	28	1596	5	
1597	28	1597	5	
1598	28	1598	5	
1599	28	1599	5	
1600	28	1600	5	
1601	28	1601	5	
1602	28	1602	5	
1603	28	1603	5	
1604	28	1604	4	
1605	29	1605	4	
1606	29	1606	4	
1607	29	1607	4	
1608	29	1608	5	
1609	29	1609	5	
1610	29	1610	5	
1611	29	1611	5	
1612	30	1612	5	
1613	30	1613	5	
1614	30	1614	5	
1615	30	1615	5	
1616	30	1616	5	
1617	30	1617	5	
1618	31	1618	5	
1619	31	1619	5	
1620	31	1620	5	
1621	31	1621	5	
1622	31	1622	5	
1623	31	1623	6	
1624	31	1624	6	
1625	31	1625	6	
1626	31	1626	6	
1627	31	1627	6	
1628	32	1628	6	
1629	32	1629	6	
1630	32	1630	6	
1631	32	1631	6	
1632	32	1632	6	
1633	32	1633	6	
1634	32	1634	6	
1635	32	1635	6	
1636	32	1636	6	
1637	32	1637	6	
1638	32	1638	6	
1639	32	1639	6	
1640	32	1640	5	
1641	32	1641	5	
1642	32	1642	5	
1643	32	1643	5	
1644	32	1644	5	
1645	32	1645	5	
1646	32	1646	5	
1647	32	1647	5	
1648	32	1648	5	
1649	32	1649	5	
1650	32	1650	5	
1651	32	1651	4	
1652	32	1652	4	
1653	32	1653	4	
1654	32	1654	4	
1655	32	1655	4	
1656	32	1656	4	
1657	32	1657	4	
1658	32	1658	4	
1659	32	1659	4	
1660	32	1660	4	
1661	32	1661	4	
1662	32	1662	4	
1663	32	1663	4	
1664	32	1664	4	
1665	32	1665	4	
1666	32	1666	4	
1667	32	1667	4	
1668	32	1668	4	
1669	32	1669	4	
1670	31	1670	4	
1671	31	1671	4	
1672	31	1672	4	
1673	31	1673	4	
1674	31	1674	4	
1675	31	1675	4	
1676	31	1676	3	
1677	31	1677	3	
1678	31	1678	3	
1679	31	1679	3	
1680	31	1680	3	
1681	31	1681	3	
1682	31	1682	2	
1683	31	1683	2	
1684	31	1684	2	
1685	31	1685	2	
1686	31	1686	2	
1687	31	1687	2	
1688	31	1688	2	
1689	31	1689	2	
1690	31	1690	1	
1691	31	1691	1	
1692	31	1692	1	
1693	31	1693	1	
1694	31	1694	2	
1695	31	1695	2	
1696	30	1696	2	
1697	30	1697	2	
1698	30	1698	2	
1699	30	1699	2	
1700	30	1700	2	
1701	30	1701	2	
1702	30	1702	2	
1703	30	1703	2	
1704	30	1704	2	
1705	30	1705	2	
1706	30	1706	2	
1707	29	1707	2	
1708	29	1708	2	
1709	29	1709	2	
1710	29	1710	2	
1711	29	1711	2	
1712	29	1712	2	
1713	28	1713	2	
1714	28	1714	2	
1715	28	1715	2	
1716	28	1716	2	
1717	28	1717	2	
1718	28	1718	2	
1719	28	1719	2	
1720	28	1720	2	
1721	28	1721	2	
1722	28	1722	2	
1723	28	1723	2	
1724	28	1724	2	
1725	28	1725	2	
1726	28	1726	2	
1727	28	1727	1	
1728	28	1728	1	
1729	28	1729	1	
1730	28	1730	1	
1731	28	1731	1	
1732	28	1732	1	
1733	28	1733	1	
1734	27	1734	1	
1735	27	1735	1	
1736	27	1736	1	
1737	27	1737	1	
1738	27	1738	1	
1739	27	1739	0	
1740	27	1740	0	
1741	27	1741	0	
1742	27	1742	0	
1743	27	1743	0	
1744	26	1744	0	
1745	26	1745	0	
1746	26	1746	0	
1747	26	1747	0	
1748	26	1748	0	
1749	26	1749	0	
1750	26	1750	0	
1751	25	1751	0	
1752	25	1752	0	
1753	25	1753	0	
1754	25	1754	0	
1755	25	1755	0	
1756	25	1756	0	
1757	24	1757	0	
1758	24	1758	0	
1759	24	1759	0	
1760	24	1760	0	
1761	24	1761	0	
1762	24	1762	0	
1763	24	1763	0	
1764	23	1764	0	
1765	23	1765	0	
1766	23	1766	0	
1767	23	1767	0	
1768	23	1768	0	
1769	22	1769	0	
1770	22	1770	0	
1771	22	1771	0	
1772	22	1772	0	
1773	21	1773	0	
1774	21	1774	0	
1775	21	1775	0	
1776	21	1776	0	
1777	20	1777	-1	
1778	20	1778	-1	
1779	20	1779	-1	
1780	20	1780	-1	
1781	20	1781	-1	
1782	19	1782	-1	
1783	19	1783	-1	
1784	19	1784	-1	
1785	19	1785	-1	
1786	19	1786	-1	
1787	19	1787	-1	
1788	18	1788	-1	
1789	18	1789	-1	
1790	18	1790	-1	
1791	18	1791	-1	
1792	18	1792	-1	
1793	18	1793	-1	
1794	17	1794	-1	
1795	17	1795	-1	
1796	17	1796	-1	
1797	17	1797	-1	
1798	17	1798	-1	
1799	17	1799	-1	
1800	17	1800	-1	
1801	16	1801	-1	
1802	16	1802	-2	
1803	16	1803	-2	
1804	16	1804	-2	
1805	16	1805	-2	
1806	16	1806	-2	
1807	15	1807	-2	
1808	15	1808	-2	
1809	15	1809	-2	
1810	15	1810	-2	
1811	15	1811	-2	
1812	15	1812	-2	
1813	14	1813	-2	
1814	14	1814	-3	
1815	14	1815	-3	
1816	14	1816	-3	
1817	14	1817	-3	
1818	14	1818	-3	
1819	13	1819	-3	
1820	13	1820	-3	
1821	13	1821	-3	
1822	13	1822	-3	
1823	13	1823	-3	
1824	13	1824	-3	
1825	13	1825	-3	
1826	12	1826	-3	
1827	12	1827	-3	
1828	12	1828	-3	
1829	12	1829	-3	
1830	12	1830	-3	
1831	12	1831	-3	
1832	11	1832	-3	
1833	11	1833	-3	
1834	11	1834	-3	
1835	11	1835	-3	
1836	11	1836	-2	
1837	11	1837	-2	
1838	11	1838	-2	
1839	10	1839	-2	
1840	10	1840	-2	
1841	10	1841	-2	
1842	10	1842	-2	
1843	10	1843	-2	
1844	9	1844	-2	
1845	9	1845	-2	
1846	9	1846	-2	
1847	9	1847	-1	
1848	9	1848	-1	
1849	8	1849	-1	
1850	8	1850	-1	
1851	8	1851	-1	
1852	8	1852	-2	
1853	7	1853	-2	
1854	7	1854	-2	
1855	7	1855	-2	
1856	6	1856	-2	
1857	6	1857	-2	
1858	6	1858	-2	
1859	5	1859	-2	
1860	5	1860	-2	
1861	5	1861	-2	
1862	4	1862	-2	
1863	4	1863	-2	
1864	4	1864	-2	
1865	3	1865	-2	
1866	3	1866	-2	
1867	3	1867	-2	
1868	3	1868	-2	
1869	2	1869	-2	
1870	2	1870	-2	
1871	2	1871	-2	
1872	2	1872	-2	
1873	2	1873	-2	
1874	2	1874	-2	
1875	2	1875	-2	
1876	1	1876	-2	
1877	1	1877	-3	
1878	1	1878	-3	
1879	1	1879	-3	
1880	1	1880	-3	
1881	0	1881	-3	
1882	0	1882	-3	
1883	0	1883	-3	
1884	0	1884	-3	
1885	-1	1885	-3	
1886	-1	1886	-3	
1887	-1	1887	-3	
1888	-2	1888	-3	
1889	-2	1889	-3	
1890	-2	1890	-3	
1891	-3	1891	-3	
1892	-3	1892	-3	
1893	-3	1893	-3	
1894	-4	1894	-3	
1895	-4	1895	-3	
1896	-4	1896	-3	
1897	-4	1897	-3	
1898	-4	1898	-3	
1899	-5	1899	-3	
1900	-5	1900	-3	
1901	-5	1901	-3	
1902	-5	1902	-4	
1903	-5	1903	-4	
1904	-5	1904	-4	
1905	-5	1905	-4	
1906	-5	1906	-4	
1907	-5	1907	-4	
1908	-6	1908	-4	
1909	-6	1909	-4	
1910	-6	1910	-4	
1911	-6	1911	-4	
1912	-6	1912	-4	
1913	-6	1913	-4	
1914	-6	1914	-4	
1915	-6	1915	-4	
1916	-6	1916	-4	
1917	-6	1917	-4	
1918	-6	1918	-4	
1919	-7	1919	-4	
1920	-7	1920	-4	
1921	-7	1921	-4	
1922	-7	1922	-4	
1923	-8	1923	-4	
1924	-8	1924	-4	
1925	-8	1925	-4	
1926	-9	1926	-4	
1927	-9	1927	-4	
1928	-10	1928	-4	
1929	-10	1929	-4	
1930	-10	1930	-4	
1931	-11	1931	-4	
1932	-11	1932	-4	
1933	-11	1933	-4	
1934	-11	1934	-4	
1935	-12	1935	-4	
1936	-12	1936	-4	
1937	-12	1937	-4	
1938	-12	1938	-4	
1939	-12	1939	-4	
1940	-13	1940	-4	
1941	-13	1941	-4	
1942	-13	1942	-4	
1943	-13	1943	-4	
1944	-14	1944	-4	
1945	-14	1945	-4	
1946	-14	1946	-4	
1947	-14	1947	-4	
1948	-15	1948	-3	
1949	-15	1949	-3	
1950	-15	1950	-3	
1951	-15	1951	-3	
1952	-16	1952	-3	
1953	-16	1953	-3	
1954	-16	1954	-3	
1955	-16	1955	-3	
1956	-16	1956	-3	
1957	-17	1957	-3	
1958	-17	1958	-3	
1959	-17	1959	-3	
1960	-17	1960	-3	
1961	-17	1961	-3	
1962	-17	1962	-3	
1963	-18	1963	-3	
1964	-18	1964	-4	
1965	-18	1965	-4	
1966	-18	1966	-4	
1967	-18	1967	-4	
1968	-18	1968	-4	
1969	-19	1969	-4	
1970	-19	1970	-4	
1971	-19	1971	-4	
1972	-19	1972	-4	
1973	-19	1973	-4	
1974	-19	1974	-4	
1975	-19	1975	-4	
1976	-20	1976	-4	
1977	-20	1977	-4	
1978	-20	1978	-4	
1979	-20	1979	-5	
1980	-20	1980	-5	
1981	-20	1981	-5	
1982	-21	1982	-5	
1983	-21	1983	-4	
1984	-21	1984	-4	
1985	-21	1985	-4	
1986	-22	1986	-4	
1987	-22	1987	-4	
1988	-22	1988	-4	
1989	-22	1989	-4	
1990	-23	1990	-4	
1991	-23	1991	-4	
1992	-23	1992	-4	
1993	-23	1993	-4	
1994	-24	1994	-4	
1995	-24	1995	-4	
1996	-24	1996	-4	
1997	-24	1997	-4	
1998	-24	1998	-3	
1999	-24	1999	-3	
2000	-25	2000	-3	
2001	-25	2001	-3	
2002	-25	2002	-4	
2003	-25	2003	-4	
2004	-25	2004	-4	
2005	-25	2005	-4	
2006	-25	2006	-4	
2007	-26	2007	-4	
2008	-26	2008	-4	
2009	-26	2009	-4	
2010	-26	2010	-4	
2011	-26	2011	-4	
2012	-26	2012	-4	
2013	-26	2013	-4	
2014	-26	2014	-4	
2015	-26	2015	-4	
2016	-26	2016	-4	
2017	-26	2017	-4	
2018	-26	2018	-4	
2019	-27	2019	-4	
2020	-27	2020	-4	
2021	-27	2021	-4	
2022	-27	2022	-4	
2023	-27	2023	-3	
2024	-27	2024	-3	
2025	-28	2025	-3	
2026	-28	2026	-3	
2027	-28	2027	-4	
2028	-28	2028	-4	
2029	-28	2029	-4	
2030	-28	2030	-4	
2031	-28	2031	-4	
2032	-29	2032	-4	
2033	-29	2033	-4	
2034	-29	2034	-4	
2035	-29	2035	-4	
2036	-29	2036	-4	
2037	-29	2037	-4	
2038	-29	2038	-4	
2039	-29	2039	-4	
2040	-29	2040	-4	
2041	-29	2041	-4	
2042	-29	2042	-4	
2043	-29	2043	-4	
2044	-29	2044	-4	
2045	-30	2045	-4	
2046	-30	2046	-4	
2047	-30	2047	-4	
2048	-30	2048	-4	
2049	-30	2049	-3	
2050	-30	2050	-3	
2051	-30	2051	-3	
2052	-30	2052	-3	
2053	-30	2053	-3	
2054	-30	2054	-3	
2055	-30	2055	-2	
2056	-30	2056	-2	
2057	-30	2057	-2	
2058	-31	2058	-2	
2059	-31	2059	-2	
2060	-31	2060	-2	
2061	-31	2061	-1	
2062	-31	2062	-1	
2063	-31	2063	-1	
2064	-31	2064	-1	
2065	-31	2065	-1	
2066	-31	2066	-1	
2067	-31	2067	-1	
2068	-31	2068	-1	
2069	-31	2069	-1	
2070	-32	2070	-1	
2071	-32	2071	-1	
2072	-32	2072	-1	
2073	-32	2073	-1	
2074	-32	2074	-1	
2075	-32	2075	-1	
2076	-32	2076	-1	
2077	-32	2077	-1	
2078	-32	2078	-1	
2079	-32	2079	-1	
2080	-32	2080	-1	
2081	-32	2081	-1	
2082	-32	2082	-1	
2083	-32	2083	-1	
2084	-32	2084	-1	
2085	-32	2085	-1	
2086	-32	2086	-1	
2087	-32	2087	-1	
2088	-32	2088	-1	
2089	-32	2089	-1	
2090	-32	2090	-1	
2091	-32	2091	-1	
2092	-32	2092	-1	
2093	-32	2093	-1	
2094	-32	2094	-1	
2095	-33	2095	-1	
2096	-33	2096	-1	
2097	-33	2097	-1	
2098	-33	2098	0	
2099	-33	2099	0	
2100	-33	2100	0	
2101	-33	2101	0	
2102	-33	2102	-1	
2103	-33	2103	-1	
2104	-33	2104	-1	
2105	-33	2105	-1	
2106	-33	2106	-1	
2107	-33	2107	-1	
2108	-33	2108	-1	
2109	-33	2109	-1	
2110	-33	2110	-1	
2111	-33	2111	-1	
2112	-33	2112	-1	
2113	-33	2113	-1	
2114	-33	2114	-1	
2115	-33	2115	-1	
2116	-33	2116	-1	
2117	-32	2117	-1	
2118	-32	2118	-1	
2119	-32	2119	-1	
2120	-32	2120	-1	
2121	-32	2121	-1	
2122	-32	2122	-1	
2123	-32	2123	0	
2124	-32	2124	0	
2125	-32	2125	0	
2126	-32	2126	0	
2127	-32	2127	0	
2128	-32	2128	0	
2129	-32	2129	0	
2130	-32	2130	0	
2131	-32	2131	0	
2132	-32	2132	0	
2133	-32	2133	0	
2134	-32	2134	0	
2135	-32	2135	0	
2136	-32	2136	0	
2137	-32	2137	0	
2138	-32	2138	0	
2139	-32	2139	0	
2140	-32	2140	0	
2141	-32	2141	0	
2142	-32	2142	0	
2143	-32	2143	0	
2144	-32	2144	0	
2145	-32	2145	0	
2146	-32	2146	0	
2147	-32	2147	0	
2148	-32	2148	0	
2149	-32	2149	1	
2150	-32	2150	1	
2151	-32	2151	1	
2152	-32	2152	1	
2153	-32	2153	1	
2154	-32	2154	1	
2155	-31	2155	1	
2156	-31	2156	1	
2157	-31	2157	1	
2158	-31	2158	1	
2159	-31	2159	1	
2160	-31	2160	2	
2161	-31	2161	2	
2162	-31	2162	2	
2163	-31	2163	2	
2164	-31	2164	2	
2165	-31	2165	2	
2166	-31	2166	2	
2167	-30	2167	2	
2168	-30	2168	2	
2169	-30	2169	2	
2170	-30	2170	2	
2171	-30	2171	2	
2172	-30	2172	2	
2173	-30	2173	2	
2174	-30	2174	2	
2175	-30	2175	2	
2176	-30	2176	2	
2177	-30	2177	2	
2178	-30	2178	2	
2179	-29	2179	2	
2180	-29	2180	2	
2181	-29	2181	2	
2182	-29	2182	2	
2183	-29	2183	2	
2184	-29	2184	2	
2185	-29	2185	2	
2186	-29	2186	3	
2187	-30	2187	3	
2188	-30	2188	3	
2189	-30	2189	3	
2190	-30	2190	3	
2191	-29	2191	3	
2192	-29	2192	3	
2193	-29	2193	3	
2194	-29	2194	3	
2195	-29	2195	3	
2196	-29	2196	3	
2197	-29	2197	4	
2198	-28	2198	4	
2199	-28	2199	4	
2200	-28	2200	4	
2201	-28	2201	4	
2202	-27	2202	3	
2203	-27	2203	3	
2204	-27	2204	3	
2205	-27	2205	3	
2206	-26	2206	3	
2207	-26	2207	3	
2208	-26	2208	3	
2209	-26	2209	3	
2210	-26	2210	3	
2211	-25	2211	3	
2212	-25	2212	3	
2213	-25	2213	3	
2214	-25	2214	3	
2215	-25	2215	3	
2216	-25	2216	3	
2217	-25	2217	3	
2218	-24	2218	3	
2219	-24	2219	3	
2220	-24	2220	3	
2221	-24	2221	3	
2222	-24	2222	3	
2223	-24	2223	4	
2224	-23	2224	4	
2225	-23	2225	4	
2226	-23	2226	4	
2227	-23	2227	3	
2228	-23	2228	3	
2229	-23	2229	3	
2230	-22	2230	3	
2231	-22	2231	3	
2232	-22	2232	3	
2233	-22	2233	3	
2234	-22	2234	3	
2235	-22	2235	3	
2236	-22	2236	3	
2237	-22	2237	3	
2238	-22	2238	3	
2239	-22	2239	3	
2240	-22	2240	2	
2241	-22	2241	2	
2242	-21	2242	2	
2243	-21	2243	2	
2244	-21	2244	2	
2245	-21	2245	2	
2246	-21	2246	2	
2247	-21	2247	2	
2248	-21	2248	3	
2249	-20	2249	3	
2250	-20	2250	3	
2251	-20	2251	3	
2252	-20	2252	3	
2253	-20	2253	3	
2254	-20	2254	3	
2255	-19	2255	3	
2256	-19	2256	4	
2257	-19	2257	4	
2258	-19	2258	4	
2259	-19	2259	4	
2260	-19	2260	4	
2261	-19	2261	4	
2262	-18	2262	5	
2263	-18	2263	5	
2264	-18	2264	5	
2265	-18	2265	5	
2266	-18	2266	5	
2267	-18	2267	5	
2268	-17	2268	5	
2269	-17	2269	5	
2270	-17	2270	6	
2271	-17	2271	6	
2272	-16	2272	6	
2273	-16	2273	6	
2274	-16	2274	6	
2275	-16	2275	6	
2276	-16	2276	5	
2277	-15	2277	5	
2278	-15	2278	5	
2279	-15	2279	5	
2280	-14	2280	5	
2281	-14	2281	5	
2282	-14	2282	4	
2283	-14	2283	4	
2284	-14	2284	4	
2285	-13	2285	4	
2286	-13	2286	4	
2287	-13	2287	4	
2288	-13	2288	4	
2289	-12	2289	4	
2290	-12	2290	4	
2291	-12	2291	4	
2292	-12	2292	4	
2293	-11	2293	4	
2294	-11	2294	4	
2295	-11	2295	4	
2296	-11	2296	4	
2297	-10	2297	4	
2298	-10	2298	4	
2299	-10	2299	5	
2300	-10	2300	5	
2301	-9	2301	5	
2302	-9	2302	5	
2303	-9	2303	5	
2304	-9	2304	5	
2305	-8	2305	5	
2306	-8	2306	5	
2307	-8	2307	5	
2308	-8	2308	5	
2309	-8	2309	5	
2310	-8	2310	5	
2311	-7	2311	5	
2312	-7	2312	5	
2313	-7	2313	5	
2314	-7	2314	5	
2315	-7	2315	5	
2316	-7	2316	5	
2317	-7	2317	5	
2318	-6	2318	5	
2319	-6	2319	5	
2320	-6	2320	5	
2321	-6	2321	5	
2322	-6	2322	5	
2323	-6	2323	5	
2324	-5	2324	5	
2325	-5	2325	5	
2326	-5	2326	5	
2327	-5	2327	5	
2328	-5	2328	5	
2329	-5	2329	5	
2330	-4	2330	5	
2331	-4	2331	5	
2332	-4	2332	5	
2333	-4	2333	5	
2334	-4	2334	5	
2335	-3	2335	5	
2336	-3	2336	6	
2337	-3	2337	6	
2338	-3	2338	6	
2339	-2	2339	6	
2340	-2	2340	6	
2341	-2	2341	6	
2342	-2	2342	6	
2343	-1	2343	6	
2344	-1	2344	6	
2345	-1	2345	6	
2346	-1	2346	6	
2347	-1	2347	6	
2348	-1	2348	6	
2349	0	2349	6	
2350	0	2350	6	
2351	0	2351	5	
2352	0	2352	5	
2353	0	2353	5	
2354	0	2354	5	
2355	1	2355	5	
2356	1	2356	5	
2357	1	2357	5	
2358	1	2358	5	
2359	2	2359	5	
2360	2	2360	5	
2361	2	2361	5	
2362	3	2362	5	
2363	3	2363	5	
2364	3	2364	5	
2365	4	2365	5	
2366	4	2366	5	
2367	4	2367	5	
2368	5	2368	6	
2369	5	2369	6	
2370	5	2370	6	
2371	5	2371	6	
2372	6	2372	6	
2373	6	2373	6	
2374	6	2374	7	
2375	6	2375	7	
2376	7	2376	7	
2377	7	2377	7	
2378	7	2378	7	
2379	7	2379	7	
2380	8	2380	7	
2381	8	2381	7	
2382	8	2382	7	
2383	8	2383	7	
2384	9	2384	7	
2385	9	2385	7	
2386	9	2386	7	
2387	9	2387	7	
2388	9	2388	7	
2389	10	2389	7	
2390	10	2390	7	
2391	10	2391	7	
2392	10	2392	7	
2393	11	2393	7	
2394	11	2394	7	
2395	11	2395	7	
2396	11	2396	7	
2397	11	2397	7	
2398	11	2398	7	
2399	12	2399	7	
2400	12	2400	7	
2401	12	2401	7	
2402	12	2402	6	
2403	12	2403	6	
2404	12	2404	6	
2405	13	2405	6	
2406	13	2406	6	
2407	13	2407	6	
2408	13	2408	6	
2409	13	2409	6	
2410	13	2410	6	
2411	13	2411	6	
2412	14	2412	6	
2413	14	2413	6	
2414	14	2414	6	
2415	14	2415	6	
2416	14	2416	6	
2417	14	2417	5	
2418	15	2418	5	
2419	15	2419	5	
2420	15	2420	5	
2421	15	2421	6	
2422	16	2422	6	
2423	16	2423	6	
2424	16	2424	6	
2425	16	2425	6	
2426	17	2426	6	
2427	17	2427	6	
2428	17	2428	6	
2429	17	2429	6	
2430	18	2430	6	
2431	18	2431	6	
2432	18	2432	6	
2433	18	2433	6	
2434	18	2434	6	
2435	18	2435	7	
2436	19	2436	7	
2437	19	2437	7	
2438	19	2438	7	
2439	19	2439	7	
2440	19	2440	6	
2441	19	2441	6	
2442	20	2442	6	
2443	20	2443	6	
2444	20	2444	6	
2445	20	2445	6	
2446	20	2446	6	
2447	20	2447	6	
2448	20	2448	6	
2449	20	2449	6	
2450	20	2450	6	
2451	20	2451	6	
2452	20	2452	6	
2453	20	2453	6	
2454	20	2454	6	
2455	21	2455	6	
2456	21	2456	6	
2457	21	2457	6	
2458	21	2458	6	
2459	21	2459	6	
2460	21	2460	6	
2461	21	2461	7	
2462	22	2462	7	
2463	22	2463	7	
2464	22	2464	7	
2465	22	2465	7	
2466	22	2466	7	
2467	22	2467	7	
2468	23	2468	7	
2469	23	2469	7	
2470	23	2470	7	
2471	23	2471	7	
2472	24	2472	7	
2473	24	2473	7	
2474	24	2474	7	
2475	24	2475	7	
2476	25	2476	7	
2477	25	2477	6	
2478	25	2478	6	
2479	25	2479	6	
2480	26	2480	6	
2481	26	2481	6	
2482	26	2482	6	
2483	26	2483	6	
2484	26	2484	6	
2485	26	2485	6	
2486	26	2486	6	
2487	26	2487	6	
2488	26	2488	6	
2489	26	2489	5	
2490	26	2490	5	
2491	26	2491	5	
2492	27	2492	5	
2493	27	2493	5	
2494	27	2494	5	
2495	27	2495	5	
2496	27	2496	5	
2497	27	2497	5	
2498	27	2498	5	
2499	28	2499	5	
