Time - RF	Amplitude - RF	Time - CRF	Amplitude - CRF	
0	10	0	3	
1	10	1	3	
2	10	2	3	
3	9	3	3	
4	9	4	3	
5	9	5	3	
6	8	6	2	
7	8	7	2	
8	8	8	2	
9	7	9	2	
10	7	10	2	
11	7	11	2	
12	6	12	2	
13	6	13	2	
14	6	14	2	
15	5	15	2	
16	5	16	2	
17	5	17	2	
18	5	18	1	
19	4	19	1	
20	4	20	1	
21	4	21	1	
22	4	22	1	
23	4	23	1	
24	4	24	0	
25	3	25	0	
26	3	26	0	
27	3	27	0	
28	3	28	0	
29	3	29	0	
30	3	30	0	
31	3	31	-1	
32	2	32	-1	
33	2	33	-1	
34	2	34	-1	
35	2	35	-1	
36	1	36	-1	
37	1	37	-1	
38	1	38	-1	
39	1	39	-1	
40	0	40	-1	
41	0	41	-1	
42	0	42	-1	
43	0	43	-1	
44	-1	44	-2	
45	-1	45	-2	
46	-1	46	-2	
47	-1	47	-2	
48	-2	48	-2	
49	-2	49	-2	
50	-2	50	-2	
51	-2	51	-2	
52	-3	52	-2	
53	-3	53	-2	
54	-3	54	-2	
55	-3	55	-2	
56	-3	56	-3	
57	-4	57	-3	
58	-4	58	-3	
59	-4	59	-3	
60	-4	60	-3	
61	-4	61	-3	
62	-4	62	-4	
63	-5	63	-4	
64	-5	64	-4	
65	-5	65	-4	
66	-5	66	-4	
67	-5	67	-4	
68	-5	68	-4	
69	-6	69	-4	
70	-6	70	-4	
71	-6	71	-4	
72	-6	72	-4	
73	-7	73	-4	
74	-7	74	-4	
75	-7	75	-4	
76	-7	76	-4	
77	-8	77	-4	
78	-8	78	-4	
79	-8	79	-4	
80	-8	80	-4	
81	-8	81	-5	
82	-9	82	-5	
83	-9	83	-5	
84	-9	84	-5	
85	-9	85	-5	
86	-9	86	-5	
87	-9	87	-5	
88	-10	88	-6	
89	-10	89	-6	
90	-10	90	-6	
91	-10	91	-6	
92	-10	92	-6	
93	-10	93	-7	
94	-11	94	-7	
95	-11	95	-7	
96	-11	96	-7	
97	-11	97	-8	
98	-12	98	-8	
99	-12	99	-8	
100	-12	100	-8	
101	-12	101	-9	
102	-12	102	-9	
103	-13	103	-9	
104	-13	104	-9	
105	-13	105	-9	
106	-13	106	-9	
107	-14	107	-9	
108	-14	108	-9	
109	-14	109	-10	
110	-15	110	-10	
111	-15	111	-10	
112	-15	112	-9	
113	-15	113	-9	
114	-15	114	-9	
115	-16	115	-9	
116	-16	116	-9	
117	-16	117	-9	
118	-16	118	-9	
119	-17	119	-10	
120	-17	120	-10	
121	-17	121	-10	
122	-17	122	-10	
123	-17	123	-10	
124	-17	124	-10	
125	-18	125	-10	
126	-18	126	-10	
127	-18	127	-10	
128	-18	128	-10	
129	-18	129	-10	
130	-18	130	-10	
131	-18	131	-10	
132	-19	132	-10	
133	-19	133	-10	
134	-19	134	-10	
135	-19	135	-10	
136	-19	136	-10	
137	-19	137	-10	
138	-19	138	-10	
139	-20	139	-10	
140	-20	140	-10	
141	-20	141	-10	
142	-20	142	-10	
143	-20	143	-10	
144	-21	144	-10	
145	-21	145	-11	
146	-21	146	-11	
147	-21	147	-11	
148	-22	148	-11	
149	-22	149	-11	
150	-22	150	-11	
151	-22	151	-11	
152	-23	152	-11	
153	-23	153	-11	
154	-23	154	-11	
155	-23	155	-11	
156	-23	156	-12	
157	-24	157	-12	
158	-24	158	-12	
159	-24	159	-12	
160	-24	160	-12	
161	-24	161	-12	
162	-24	162	-13	
163	-25	163	-13	
164	-25	164	-13	
165	-25	165	-13	
166	-25	166	-13	
167	-25	167	-13	
168	-25	168	-13	
169	-26	169	-13	
170	-26	170	-13	
171	-26	171	-13	
172	-26	172	-13	
173	-26	173	-13	
174	-26	174	-13	
175	-26	175	-13	
176	-27	176	-13	
177	-27	177	-13	
178	-27	178	-13	
179	-27	179	-13	
180	-27	180	-13	
181	-27	181	-13	
182	-28	182	-14	
183	-28	183	-14	
184	-28	184	-14	
185	-28	185	-14	
186	-28	186	-14	
187	-28	187	-14	
188	-29	188	-14	
189	-29	189	-14	
190	-29	190	-14	
191	-29	191	-14	
192	-29	192	-14	
193	-29	193	-14	
194	-29	194	-15	
195	-30	195	-15	
196	-30	196	-15	
197	-30	197	-15	
198	-30	198	-15	
199	-30	199	-15	
200	-30	200	-15	
201	-30	201	-15	
202	-30	202	-15	
203	-30	203	-15	
204	-30	204	-15	
205	-30	205	-15	
206	-30	206	-16	
207	-31	207	-16	
208	-31	208	-16	
209	-31	209	-16	
210	-31	210	-16	
211	-31	211	-16	
212	-31	212	-16	
213	-31	213	-16	
214	-31	214	-16	
215	-31	215	-16	
216	-31	216	-16	
217	-31	217	-16	
218	-31	218	-16	
219	-31	219	-16	
220	-31	220	-16	
221	-31	221	-16	
222	-31	222	-17	
223	-31	223	-17	
224	-31	224	-17	
225	-31	225	-17	
226	-31	226	-16	
227	-31	227	-16	
228	-31	228	-16	
229	-31	229	-16	
230	-31	230	-16	
231	-31	231	-16	
232	-32	232	-16	
233	-32	233	-16	
234	-32	234	-16	
235	-32	235	-16	
236	-32	236	-16	
237	-32	237	-16	
238	-33	238	-16	
239	-33	239	-16	
240	-33	240	-16	
241	-33	241	-15	
242	-33	242	-15	
243	-33	243	-15	
244	-33	244	-15	
245	-33	245	-15	
246	-34	246	-15	
247	-34	247	-15	
248	-34	248	-15	
249	-34	249	-15	
250	-33	250	-15	
251	-33	251	-15	
252	-33	252	-15	
253	-33	253	-15	
254	-33	254	-15	
255	-33	255	-15	
256	-33	256	-15	
257	-33	257	-15	
258	-33	258	-15	
259	-33	259	-15	
260	-33	260	-15	
261	-33	261	-15	
262	-33	262	-15	
263	-33	263	-15	
264	-33	264	-15	
265	-33	265	-15	
266	-33	266	-15	
267	-33	267	-15	
268	-33	268	-15	
269	-33	269	-15	
270	-33	270	-15	
271	-33	271	-15	
272	-33	272	-15	
273	-33	273	-15	
274	-33	274	-15	
275	-33	275	-15	
276	-33	276	-15	
277	-33	277	-15	
278	-33	278	-15	
279	-33	279	-15	
280	-33	280	-15	
281	-33	281	-15	
282	-33	282	-16	
283	-33	283	-16	
284	-33	284	-16	
285	-33	285	-16	
286	-33	286	-16	
287	-33	287	-16	
288	-33	288	-16	
289	-33	289	-16	
290	-33	290	-16	
291	-33	291	-16	
292	-32	292	-16	
293	-32	293	-16	
294	-32	294	-16	
295	-32	295	-16	
296	-32	296	-16	
297	-32	297	-16	
298	-32	298	-16	
299	-32	299	-16	
300	-32	300	-16	
301	-32	301	-16	
302	-32	302	-16	
303	-32	303	-16	
304	-32	304	-15	
305	-32	305	-15	
306	-32	306	-15	
307	-32	307	-15	
308	-32	308	-15	
309	-32	309	-15	
310	-32	310	-15	
311	-32	311	-15	
312	-32	312	-15	
313	-32	313	-15	
314	-32	314	-15	
315	-32	315	-15	
316	-32	316	-14	
317	-31	317	-14	
318	-31	318	-14	
319	-31	319	-14	
320	-31	320	-14	
321	-31	321	-14	
322	-31	322	-14	
323	-31	323	-14	
324	-31	324	-14	
325	-31	325	-14	
326	-31	326	-14	
327	-31	327	-14	
328	-31	328	-14	
329	-30	329	-13	
330	-30	330	-13	
331	-30	331	-13	
332	-30	332	-13	
333	-30	333	-13	
334	-30	334	-13	
335	-30	335	-12	
336	-30	336	-12	
337	-30	337	-12	
338	-30	338	-12	
339	-30	339	-12	
340	-30	340	-12	
341	-30	341	-11	
342	-29	342	-11	
343	-29	343	-11	
344	-29	344	-11	
345	-29	345	-11	
346	-29	346	-11	
347	-29	347	-11	
348	-29	348	-11	
349	-29	349	-11	
350	-29	350	-11	
351	-29	351	-11	
352	-29	352	-11	
353	-29	353	-11	
354	-28	354	-11	
355	-28	355	-11	
356	-28	356	-11	
357	-28	357	-11	
358	-28	358	-11	
359	-28	359	-11	
360	-28	360	-11	
361	-28	361	-11	
362	-28	362	-11	
363	-28	363	-11	
364	-28	364	-11	
365	-28	365	-11	
366	-28	366	-10	
367	-28	367	-10	
368	-27	368	-10	
369	-27	369	-10	
370	-27	370	-10	
371	-27	371	-10	
372	-27	372	-10	
373	-26	373	-10	
374	-26	374	-10	
375	-26	375	-10	
376	-26	376	-10	
377	-25	377	-10	
378	-25	378	-10	
379	-25	379	-10	
380	-24	380	-10	
381	-24	381	-10	
382	-24	382	-10	
383	-24	383	-10	
384	-24	384	-10	
385	-24	385	-10	
386	-23	386	-10	
387	-23	387	-10	
388	-23	388	-10	
389	-23	389	-10	
390	-23	390	-10	
391	-23	391	-9	
392	-23	392	-9	
393	-22	393	-9	
394	-22	394	-9	
395	-22	395	-9	
396	-22	396	-9	
397	-22	397	-9	
398	-22	398	-8	
399	-21	399	-8	
400	-21	400	-8	
401	-21	401	-8	
402	-21	402	-8	
403	-21	403	-8	
404	-21	404	-7	
405	-20	405	-7	
406	-20	406	-7	
407	-20	407	-7	
408	-20	408	-7	
409	-20	409	-7	
410	-20	410	-7	
411	-19	411	-7	
412	-19	412	-7	
413	-19	413	-7	
414	-19	414	-7	
415	-19	415	-7	
416	-19	416	-6	
417	-19	417	-6	
418	-18	418	-6	
419	-18	419	-6	
420	-18	420	-6	
421	-18	421	-6	
422	-18	422	-6	
423	-18	423	-6	
424	-17	424	-6	
425	-17	425	-6	
426	-17	426	-6	
427	-17	427	-6	
428	-17	428	-5	
429	-17	429	-5	
430	-16	430	-5	
431	-16	431	-5	
432	-16	432	-5	
433	-16	433	-5	
434	-16	434	-5	
435	-15	435	-5	
436	-15	436	-5	
437	-15	437	-5	
438	-15	438	-5	
439	-14	439	-5	
440	-14	440	-5	
441	-14	441	-4	
442	-14	442	-4	
443	-13	443	-4	
444	-13	444	-4	
445	-13	445	-4	
446	-13	446	-4	
447	-12	447	-4	
448	-12	448	-3	
449	-12	449	-3	
450	-12	450	-3	
451	-11	451	-3	
452	-11	452	-3	
453	-11	453	-3	
454	-11	454	-2	
455	-10	455	-2	
456	-10	456	-2	
457	-10	457	-2	
458	-10	458	-2	
459	-10	459	-2	
460	-10	460	-1	
461	-9	461	-1	
462	-9	462	-1	
463	-9	463	-1	
464	-9	464	-1	
465	-9	465	-1	
466	-9	466	-1	
467	-9	467	0	
468	-8	468	0	
469	-8	469	0	
470	-8	470	0	
471	-8	471	0	
472	-7	472	0	
473	-7	473	1	
474	-7	474	1	
475	-7	475	1	
476	-6	476	1	
477	-6	477	1	
478	-6	478	1	
479	-6	479	2	
480	-5	480	2	
481	-5	481	2	
482	-5	482	2	
483	-5	483	2	
484	-5	484	2	
485	-5	485	2	
486	-5	486	2	
487	-4	487	2	
488	-4	488	2	
489	-4	489	2	
490	-4	490	2	
491	-4	491	3	
492	-4	492	3	
493	-3	493	3	
494	-3	494	3	
495	-3	495	3	
496	-2	496	3	
497	-2	497	3	
498	-2	498	3	
499	-1	499	3	
500	-1	500	3	
501	-1	501	3	
502	0	502	3	
503	0	503	3	
504	0	504	4	
505	0	505	4	
506	1	506	4	
507	1	507	4	
508	1	508	4	
509	1	509	4	
510	1	510	4	
511	2	511	5	
512	2	512	5	
513	2	513	5	
514	2	514	5	
515	2	515	5	
516	2	516	5	
517	2	517	6	
518	3	518	6	
519	3	519	6	
520	3	520	6	
521	4	521	6	
522	4	522	6	
523	4	523	6	
524	5	524	6	
525	5	525	6	
526	5	526	6	
527	6	527	6	
528	6	528	6	
529	6	529	7	
530	6	530	7	
531	7	531	7	
532	7	532	7	
533	7	533	7	
534	7	534	7	
535	7	535	7	
536	8	536	8	
537	8	537	8	
538	8	538	8	
539	8	539	8	
540	8	540	8	
541	8	541	8	
542	8	542	9	
543	9	543	9	
544	9	544	9	
545	9	545	9	
546	9	546	9	
547	9	547	9	
548	9	548	10	
549	10	549	10	
550	10	550	10	
551	10	551	10	
552	10	552	10	
553	10	553	10	
554	10	554	11	
555	11	555	11	
556	11	556	11	
557	11	557	11	
558	11	558	11	
559	11	559	11	
560	12	560	11	
561	12	561	11	
562	12	562	11	
563	12	563	11	
564	13	564	11	
565	13	565	11	
566	13	566	12	
567	13	567	12	
568	14	568	12	
569	14	569	12	
570	14	570	12	
571	14	571	12	
572	14	572	13	
573	14	573	13	
574	15	574	13	
575	15	575	13	
576	15	576	13	
577	15	577	13	
578	15	578	13	
579	15	579	14	
580	16	580	14	
581	16	581	14	
582	16	582	14	
583	16	583	13	
584	16	584	13	
585	16	585	13	
586	17	586	13	
587	17	587	13	
588	17	588	13	
589	17	589	13	
590	17	590	13	
591	17	591	13	
592	17	592	13	
593	18	593	13	
594	18	594	13	
595	18	595	13	
596	18	596	13	
597	18	597	13	
598	18	598	13	
599	19	599	13	
600	19	600	13	
601	19	601	13	
602	19	602	13	
603	19	603	13	
604	19	604	14	
605	20	605	14	
606	20	606	14	
607	20	607	14	
608	20	608	14	
609	20	609	14	
610	20	610	14	
611	21	611	14	
612	21	612	14	
613	21	613	14	
614	21	614	14	
615	21	615	14	
616	21	616	15	
617	21	617	15	
618	22	618	15	
619	22	619	15	
620	22	620	15	
621	22	621	15	
622	22	622	15	
623	22	623	15	
624	23	624	15	
625	23	625	15	
626	23	626	15	
627	23	627	15	
628	23	628	16	
629	23	629	16	
630	24	630	16	
631	24	631	16	
632	24	632	16	
633	24	633	16	
634	24	634	16	
635	24	635	16	
636	24	636	16	
637	25	637	16	
638	25	638	16	
639	25	639	16	
640	25	640	16	
641	25	641	17	
642	25	642	17	
643	26	643	17	
644	26	644	17	
645	26	645	17	
646	26	646	17	
647	27	647	17	
648	27	648	17	
649	27	649	17	
650	27	650	17	
651	28	651	17	
652	28	652	17	
653	28	653	18	
654	28	654	18	
655	29	655	18	
656	29	656	18	
657	29	657	18	
658	29	658	18	
659	29	659	18	
660	29	660	18	
661	29	661	18	
662	29	662	18	
663	29	663	18	
664	29	664	18	
665	29	665	18	
666	30	666	18	
667	30	667	18	
668	30	668	18	
669	30	669	18	
670	30	670	18	
671	30	671	18	
672	30	672	18	
673	30	673	18	
674	30	674	18	
675	30	675	18	
676	30	676	18	
677	30	677	18	
678	30	678	18	
679	31	679	18	
680	31	680	18	
681	31	681	18	
682	31	682	18	
683	31	683	18	
684	31	684	18	
685	31	685	18	
686	31	686	18	
687	31	687	18	
688	31	688	18	
689	31	689	18	
690	31	690	18	
691	31	691	18	
692	31	692	18	
693	31	693	18	
694	31	694	18	
695	31	695	18	
696	31	696	18	
697	31	697	18	
698	31	698	18	
699	31	699	18	
700	31	700	18	
701	31	701	18	
702	31	702	18	
703	31	703	19	
704	32	704	19	
705	32	705	19	
706	32	706	19	
707	32	707	19	
708	32	708	19	
709	32	709	19	
710	32	710	19	
711	32	711	19	
712	32	712	19	
713	32	713	19	
714	32	714	19	
715	32	715	19	
716	32	716	19	
717	32	717	19	
718	32	718	19	
719	32	719	19	
720	32	720	19	
721	32	721	19	
722	32	722	19	
723	32	723	19	
724	33	724	19	
725	33	725	19	
726	33	726	19	
727	33	727	19	
728	33	728	19	
729	33	729	19	
730	34	730	19	
731	34	731	19	
732	34	732	18	
733	34	733	18	
734	34	734	18	
735	34	735	18	
736	34	736	18	
737	34	737	18	
738	34	738	18	
739	34	739	18	
740	34	740	18	
741	34	741	18	
742	34	742	18	
743	34	743	18	
744	33	744	18	
745	33	745	18	
746	33	746	18	
747	33	747	18	
748	33	748	18	
749	33	749	18	
750	32	750	18	
751	32	751	18	
752	32	752	18	
753	32	753	18	
754	32	754	18	
755	32	755	18	
756	32	756	18	
757	32	757	18	
758	32	758	18	
759	32	759	18	
760	32	760	18	
761	32	761	18	
762	32	762	18	
763	32	763	18	
764	32	764	18	
765	32	765	18	
766	32	766	18	
767	32	767	18	
768	32	768	18	
769	32	769	18	
770	32	770	18	
771	31	771	18	
772	31	772	18	
773	31	773	18	
774	31	774	18	
775	31	775	18	
776	31	776	18	
777	31	777	18	
778	31	778	18	
779	31	779	18	
780	31	780	18	
781	31	781	18	
782	30	782	17	
783	30	783	17	
784	30	784	17	
785	30	785	17	
786	30	786	17	
787	30	787	17	
788	29	788	17	
789	29	789	17	
790	29	790	17	
791	29	791	17	
792	29	792	17	
793	29	793	17	
794	29	794	17	
795	29	795	17	
796	29	796	17	
797	29	797	17	
798	29	798	17	
799	29	799	17	
800	29	800	17	
801	29	801	17	
802	29	802	17	
803	29	803	17	
804	29	804	17	
805	29	805	17	
806	29	806	16	
807	28	807	16	
808	28	808	16	
809	28	809	16	
810	28	810	15	
811	28	811	15	
812	28	812	15	
813	28	813	15	
814	27	814	14	
815	27	815	14	
816	27	816	14	
817	27	817	14	
818	27	818	13	
819	26	819	13	
820	26	820	13	
821	26	821	13	
822	26	822	13	
823	26	823	13	
824	26	824	13	
825	26	825	13	
826	25	826	13	
827	25	827	13	
828	25	828	13	
829	25	829	13	
830	25	830	13	
831	25	831	13	
832	24	832	12	
833	24	833	12	
834	24	834	12	
835	24	835	12	
836	24	836	12	
837	24	837	12	
838	23	838	12	
839	23	839	12	
840	23	840	12	
841	23	841	12	
842	23	842	12	
843	23	843	12	
844	23	844	11	
845	22	845	11	
846	22	846	11	
847	22	847	11	
848	22	848	11	
849	22	849	11	
850	22	850	11	
851	22	851	11	
852	22	852	11	
853	22	853	11	
854	22	854	11	
855	22	855	11	
856	22	856	11	
857	21	857	10	
858	21	858	10	
859	21	859	10	
860	21	860	10	
861	20	861	10	
862	20	862	10	
863	20	863	10	
864	20	864	10	
865	19	865	10	
866	19	866	10	
867	19	867	10	
868	19	868	9	
869	18	869	9	
870	18	870	9	
871	18	871	9	
872	18	872	9	
873	18	873	9	
874	18	874	8	
875	18	875	8	
876	17	876	8	
877	17	877	8	
878	17	878	8	
879	17	879	8	
880	17	880	8	
881	17	881	8	
882	16	882	8	
883	16	883	8	
884	16	884	8	
885	16	885	8	
886	15	886	8	
887	15	887	8	
888	15	888	8	
889	15	889	8	
890	14	890	8	
891	14	891	8	
892	14	892	8	
893	14	893	7	
894	13	894	7	
895	13	895	7	
896	13	896	7	
897	13	897	7	
898	13	898	6	
899	13	899	6	
900	12	900	6	
901	12	901	6	
902	12	902	5	
903	12	903	5	
904	12	904	5	
905	12	905	5	
906	12	906	4	
907	11	907	4	
908	11	908	4	
909	11	909	4	
910	11	910	4	
911	11	911	3	
912	11	912	3	
913	10	913	3	
914	10	914	3	
915	10	915	3	
916	10	916	3	
917	10	917	3	
918	10	918	3	
919	9	919	2	
920	9	920	2	
921	9	921	2	
922	9	922	2	
923	9	923	2	
924	9	924	2	
925	9	925	2	
926	8	926	2	
927	8	927	2	
928	8	928	2	
929	8	929	2	
930	8	930	2	
931	8	931	2	
932	7	932	1	
933	7	933	1	
934	7	934	1	
935	7	935	1	
936	6	936	1	
937	6	937	1	
938	6	938	1	
939	6	939	1	
940	5	940	1	
941	5	941	1	
942	5	942	1	
943	5	943	1	
944	4	944	0	
945	4	945	0	
946	4	946	0	
947	4	947	0	
948	3	948	0	
949	3	949	0	
950	3	950	0	
951	3	951	0	
952	3	952	0	
953	2	953	0	
954	2	954	0	
955	2	955	0	
956	1	956	-1	
957	1	957	-1	
958	1	958	-1	
959	1	959	-1	
960	0	960	-1	
961	0	961	-1	
962	0	962	-2	
963	-1	963	-2	
964	-1	964	-2	
965	-1	965	-2	
966	-2	966	-2	
967	-2	967	-2	
968	-2	968	-2	
969	-3	969	-3	
970	-3	970	-3	
971	-3	971	-3	
972	-3	972	-3	
973	-4	973	-3	
974	-4	974	-3	
975	-4	975	-3	
976	-4	976	-3	
977	-5	977	-3	
978	-5	978	-3	
979	-5	979	-3	
980	-5	980	-3	
981	-5	981	-4	
982	-6	982	-4	
983	-6	983	-4	
984	-6	984	-4	
985	-6	985	-4	
986	-6	986	-4	
987	-6	987	-5	
988	-7	988	-5	
989	-7	989	-5	
990	-7	990	-5	
991	-7	991	-5	
992	-7	992	-5	
993	-7	993	-5	
994	-8	994	-5	
995	-8	995	-5	
996	-8	996	-5	
997	-8	997	-5	
998	-8	998	-5	
999	-8	999	-5	
1000	-8	1000	-5	
1001	-9	1001	-5	
1002	-9	1002	-5	
1003	-9	1003	-5	
1004	-9	1004	-5	
1005	-9	1005	-5	
1006	-9	1006	-5	
1007	-10	1007	-5	
1008	-10	1008	-5	
1009	-10	1009	-6	
1010	-10	1010	-6	
1011	-10	1011	-6	
1012	-10	1012	-6	
1013	-10	1013	-6	
1014	-11	1014	-6	
1015	-11	1015	-6	
1016	-11	1016	-6	
1017	-11	1017	-6	
1018	-11	1018	-7	
1019	-12	1019	-7	
1020	-12	1020	-7	
1021	-12	1021	-7	
1022	-13	1022	-8	
1023	-13	1023	-8	
1024	-13	1024	-8	
1025	-14	1025	-8	
1026	-14	1026	-9	
1027	-14	1027	-9	
1028	-15	1028	-9	
1029	-15	1029	-9	
1030	-15	1030	-9	
1031	-15	1031	-9	
1032	-16	1032	-10	
1033	-16	1033	-10	
1034	-16	1034	-10	
1035	-16	1035	-10	
1036	-16	1036	-10	
1037	-17	1037	-10	
1038	-17	1038	-10	
1039	-17	1039	-9	
1040	-17	1040	-9	
1041	-17	1041	-9	
1042	-17	1042	-9	
1043	-17	1043	-9	
1044	-17	1044	-9	
1045	-18	1045	-9	
1046	-18	1046	-9	
1047	-18	1047	-9	
1048	-18	1048	-9	
1049	-18	1049	-9	
1050	-18	1050	-9	
1051	-18	1051	-9	
1052	-18	1052	-9	
1053	-18	1053	-9	
1054	-18	1054	-9	
1055	-18	1055	-9	
1056	-18	1056	-10	
1057	-19	1057	-10	
1058	-19	1058	-10	
1059	-19	1059	-10	
1060	-19	1060	-10	
1061	-20	1061	-10	
1062	-20	1062	-11	
1063	-20	1063	-11	
1064	-20	1064	-11	
1065	-21	1065	-11	
1066	-21	1066	-11	
1067	-21	1067	-11	
1068	-21	1068	-11	
1069	-22	1069	-12	
1070	-22	1070	-12	
1071	-22	1071	-12	
1072	-22	1072	-12	
1073	-22	1073	-12	
1074	-22	1074	-12	
1075	-23	1075	-12	
1076	-23	1076	-12	
1077	-23	1077	-12	
1078	-23	1078	-12	
1079	-23	1079	-12	
1080	-23	1080	-12	
1081	-23	1081	-13	
1082	-23	1082	-13	
1083	-24	1083	-13	
1084	-24	1084	-13	
1085	-24	1085	-13	
1086	-24	1086	-13	
1087	-24	1087	-13	
1088	-24	1088	-13	
1089	-24	1089	-13	
1090	-24	1090	-13	
1091	-24	1091	-13	
1092	-24	1092	-13	
1093	-24	1093	-13	
1094	-25	1094	-13	
1095	-25	1095	-13	
1096	-25	1096	-13	
1097	-25	1097	-13	
1098	-26	1098	-13	
1099	-26	1099	-13	
1100	-26	1100	-13	
1101	-26	1101	-13	
1102	-26	1102	-13	
1103	-27	1103	-13	
1104	-27	1104	-13	
1105	-27	1105	-13	
1106	-27	1106	-13	
1107	-28	1107	-14	
1108	-28	1108	-14	
1109	-28	1109	-14	
1110	-28	1110	-14	
1111	-28	1111	-14	
1112	-29	1112	-14	
1113	-29	1113	-14	
1114	-29	1114	-14	
1115	-29	1115	-14	
1116	-29	1116	-14	
1117	-29	1117	-14	
1118	-29	1118	-14	
1119	-29	1119	-15	
1120	-30	1120	-15	
1121	-30	1121	-15	
1122	-30	1122	-15	
1123	-30	1123	-15	
1124	-30	1124	-15	
1125	-30	1125	-15	
1126	-30	1126	-15	
1127	-30	1127	-15	
1128	-30	1128	-15	
1129	-30	1129	-15	
1130	-30	1130	-15	
1131	-30	1131	-15	
1132	-31	1132	-15	
1133	-31	1133	-15	
1134	-31	1134	-16	
1135	-31	1135	-16	
1136	-31	1136	-16	
1137	-31	1137	-16	
1138	-32	1138	-15	
1139	-32	1139	-15	
1140	-32	1140	-15	
1141	-32	1141	-15	
1142	-32	1142	-15	
1143	-32	1143	-15	
1144	-32	1144	-15	
1145	-32	1145	-15	
1146	-33	1146	-15	
1147	-33	1147	-15	
1148	-33	1148	-15	
1149	-33	1149	-15	
1150	-32	1150	-15	
1151	-32	1151	-15	
1152	-32	1152	-15	
1153	-32	1153	-14	
1154	-32	1154	-14	
1155	-32	1155	-14	
1156	-32	1156	-14	
1157	-32	1157	-14	
1158	-32	1158	-14	
1159	-32	1159	-14	
1160	-32	1160	-14	
1161	-32	1161	-14	
1162	-32	1162	-14	
1163	-32	1163	-14	
1164	-32	1164	-14	
1165	-32	1165	-14	
1166	-32	1166	-14	
1167	-32	1167	-14	
1168	-32	1168	-14	
1169	-33	1169	-14	
1170	-33	1170	-14	
1171	-33	1171	-14	
1172	-33	1172	-14	
1173	-33	1173	-14	
1174	-33	1174	-14	
1175	-34	1175	-14	
1176	-34	1176	-14	
1177	-34	1177	-14	
1178	-34	1178	-14	
1179	-34	1179	-14	
1180	-34	1180	-14	
1181	-34	1181	-14	
1182	-34	1182	-14	
1183	-35	1183	-14	
1184	-35	1184	-14	
1185	-35	1185	-14	
1186	-35	1186	-14	
1187	-35	1187	-14	
1188	-35	1188	-14	
1189	-35	1189	-14	
1190	-35	1190	-14	
1191	-34	1191	-14	
1192	-34	1192	-14	
1193	-34	1193	-14	
1194	-34	1194	-14	
1195	-34	1195	-14	
1196	-34	1196	-14	
1197	-34	1197	-14	
1198	-34	1198	-14	
1199	-34	1199	-14	
1200	-34	1200	-14	
1201	-34	1201	-14	
1202	-34	1202	-14	
1203	-34	1203	-14	
1204	-33	1204	-14	
1205	-33	1205	-14	
1206	-33	1206	-14	
1207	-33	1207	-14	
1208	-33	1208	-14	
1209	-33	1209	-14	
1210	-33	1210	-14	
1211	-33	1211	-14	
1212	-33	1212	-14	
1213	-33	1213	-14	
1214	-33	1214	-14	
1215	-33	1215	-14	
1216	-33	1216	-14	
1217	-33	1217	-14	
1218	-33	1218	-14	
1219	-33	1219	-14	
1220	-33	1220	-14	
1221	-33	1221	-14	
1222	-33	1222	-14	
1223	-34	1223	-14	
1224	-34	1224	-14	
1225	-34	1225	-14	
1226	-34	1226	-14	
1227	-33	1227	-14	
1228	-33	1228	-14	
1229	-33	1229	-14	
1230	-33	1230	-14	
1231	-33	1231	-14	
1232	-33	1232	-14	
1233	-33	1233	-14	
1234	-33	1234	-14	
1235	-33	1235	-14	
1236	-33	1236	-15	
1237	-32	1237	-15	
1238	-32	1238	-15	
1239	-32	1239	-15	
1240	-32	1240	-14	
1241	-32	1241	-14	
1242	-32	1242	-14	
1243	-31	1243	-14	
1244	-31	1244	-14	
1245	-31	1245	-14	
1246	-31	1246	-14	
1247	-31	1247	-14	
1248	-31	1248	-13	
1249	-30	1249	-13	
1250	-30	1250	-13	
1251	-30	1251	-13	
1252	-30	1252	-13	
1253	-30	1253	-13	
1254	-30	1254	-12	
1255	-29	1255	-12	
1256	-29	1256	-12	
1257	-29	1257	-12	
1258	-29	1258	-12	
1259	-29	1259	-12	
1260	-29	1260	-12	
1261	-29	1261	-12	
1262	-29	1262	-12	
1263	-29	1263	-12	
1264	-29	1264	-11	
1265	-29	1265	-11	
1266	-29	1266	-11	
1267	-28	1267	-11	
1268	-28	1268	-11	
1269	-28	1269	-11	
1270	-28	1270	-12	
1271	-28	1271	-12	
1272	-28	1272	-12	
1273	-28	1273	-12	
1274	-27	1274	-12	
1275	-27	1275	-12	
1276	-27	1276	-12	
1277	-27	1277	-12	
1278	-27	1278	-12	
1279	-27	1279	-12	
1280	-26	1280	-12	
1281	-26	1281	-12	
1282	-26	1282	-12	
1283	-26	1283	-12	
1284	-26	1284	-12	
1285	-26	1285	-12	
1286	-26	1286	-12	
1287	-26	1287	-12	
1288	-26	1288	-12	
1289	-26	1289	-12	
1290	-26	1290	-12	
1291	-26	1291	-12	
1292	-25	1292	-11	
1293	-25	1293	-11	
1294	-25	1294	-11	
1295	-25	1295	-11	
1296	-25	1296	-11	
1297	-25	1297	-10	
1298	-25	1298	-10	
1299	-24	1299	-10	
1300	-24	1300	-10	
1301	-24	1301	-9	
1302	-24	1302	-9	
1303	-24	1303	-9	
1304	-24	1304	-8	
1305	-23	1305	-8	
1306	-23	1306	-8	
1307	-23	1307	-8	
1308	-23	1308	-8	
1309	-23	1309	-7	
1310	-23	1310	-7	
1311	-23	1311	-7	
1312	-22	1312	-7	
1313	-22	1313	-7	
1314	-22	1314	-7	
1315	-22	1315	-7	
1316	-22	1316	-6	
1317	-22	1317	-6	
1318	-21	1318	-6	
1319	-21	1319	-6	
1320	-21	1320	-6	
1321	-21	1321	-6	
1322	-20	1322	-6	
1323	-20	1323	-6	
1324	-20	1324	-6	
1325	-20	1325	-6	
1326	-19	1326	-6	
1327	-19	1327	-6	
1328	-19	1328	-6	
1329	-19	1329	-6	
1330	-18	1330	-6	
1331	-18	1331	-6	
1332	-18	1332	-6	
1333	-18	1333	-6	
1334	-18	1334	-6	
1335	-18	1335	-6	
1336	-17	1336	-6	
1337	-17	1337	-6	
1338	-17	1338	-6	
1339	-17	1339	-6	
1340	-17	1340	-6	
1341	-17	1341	-5	
1342	-17	1342	-5	
1343	-16	1343	-5	
1344	-16	1344	-5	
1345	-16	1345	-5	
1346	-16	1346	-5	
1347	-16	1347	-5	
1348	-16	1348	-5	
1349	-15	1349	-5	
1350	-15	1350	-5	
1351	-15	1351	-5	
1352	-15	1352	-5	
1353	-15	1353	-4	
1354	-15	1354	-4	
1355	-14	1355	-4	
1356	-14	1356	-4	
1357	-14	1357	-4	
1358	-14	1358	-4	
1359	-14	1359	-4	
1360	-13	1360	-4	
1361	-13	1361	-4	
1362	-13	1362	-4	
1363	-13	1363	-4	
1364	-12	1364	-4	
1365	-12	1365	-4	
1366	-12	1366	-3	
1367	-12	1367	-3	
1368	-11	1368	-3	
1369	-11	1369	-3	
1370	-11	1370	-3	
1371	-11	1371	-3	
1372	-11	1372	-3	
1373	-11	1373	-2	
1374	-10	1374	-2	
1375	-10	1375	-2	
1376	-10	1376	-2	
1377	-10	1377	-2	
1378	-10	1378	-2	
1379	-10	1379	-1	
1380	-9	1380	-1	
1381	-9	1381	-1	
1382	-9	1382	-1	
1383	-9	1383	-1	
1384	-9	1384	-1	
1385	-9	1385	0	
1386	-9	1386	0	
1387	-8	1387	0	
1388	-8	1388	0	
1389	-8	1389	0	
1390	-8	1390	0	
1391	-8	1391	0	
1392	-8	1392	1	
1393	-7	1393	1	
1394	-7	1394	1	
1395	-7	1395	1	
1396	-7	1396	1	
1397	-6	1397	1	
1398	-6	1398	1	
1399	-6	1399	1	
1400	-6	1400	1	
1401	-5	1401	1	
1402	-5	1402	1	
1403	-5	1403	1	
1404	-5	1404	2	
1405	-4	1405	2	
1406	-4	1406	2	
1407	-4	1407	2	
1408	-4	1408	2	
1409	-4	1409	2	
1410	-4	1410	2	
1411	-4	1411	3	
1412	-3	1412	3	
1413	-3	1413	3	
1414	-3	1414	3	
1415	-3	1415	3	
1416	-3	1416	3	
1417	-3	1417	4	
1418	-2	1418	4	
1419	-2	1419	4	
1420	-2	1420	4	
1421	-1	1421	4	
1422	-1	1422	4	
1423	-1	1423	5	
1424	0	1424	5	
1425	0	1425	5	
1426	0	1426	5	
1427	1	1427	5	
1428	1	1428	5	
1429	1	1429	6	
1430	1	1430	6	
1431	2	1431	6	
1432	2	1432	6	
1433	2	1433	6	
1434	2	1434	6	
1435	2	1435	6	
1436	3	1436	6	
1437	3	1437	6	
1438	3	1438	6	
1439	3	1439	6	
1440	3	1440	7	
1441	3	1441	7	
1442	3	1442	7	
1443	4	1443	7	
1444	4	1444	7	
1445	4	1445	7	
1446	4	1446	7	
1447	5	1447	7	
1448	5	1448	7	
1449	5	1449	7	
1450	5	1450	7	
1451	5	1451	7	
1452	6	1452	7	
1453	6	1453	7	
1454	6	1454	7	
1455	7	1455	7	
1456	7	1456	7	
1457	7	1457	7	
1458	7	1458	7	
1459	7	1459	7	
1460	8	1460	7	
1461	8	1461	7	
1462	8	1462	7	
1463	8	1463	7	
1464	9	1464	7	
1465	9	1465	7	
1466	9	1466	8	
1467	9	1467	8	
1468	10	1468	8	
1469	10	1469	8	
1470	10	1470	8	
1471	10	1471	8	
1472	11	1472	8	
1473	11	1473	9	
1474	11	1474	9	
1475	11	1475	9	
1476	12	1476	9	
1477	12	1477	9	
1478	12	1478	9	
1479	12	1479	10	
1480	13	1480	10	
1481	13	1481	10	
1482	13	1482	10	
1483	13	1483	10	
1484	14	1484	10	
1485	14	1485	11	
1486	14	1486	11	
1487	14	1487	11	
1488	14	1488	11	
1489	15	1489	11	
1490	15	1490	11	
1491	15	1491	11	
1492	15	1492	12	
1493	16	1493	12	
1494	16	1494	12	
1495	16	1495	12	
1496	16	1496	12	
1497	16	1497	12	
1498	17	1498	13	
1499	17	1499	13	
1500	17	1500	13	
1501	17	1501	13	
1502	17	1502	13	
1503	17	1503	13	
1504	17	1504	14	
1505	18	1505	14	
1506	18	1506	14	
1507	18	1507	14	
1508	18	1508	14	
1509	18	1509	14	
1510	18	1510	14	
1511	18	1511	14	
1512	18	1512	14	
1513	18	1513	14	
1514	18	1514	14	
1515	17	1515	14	
1516	18	1516	15	
1517	18	1517	15	
1518	18	1518	15	
1519	18	1519	15	
1520	18	1520	15	
1521	18	1521	15	
1522	18	1522	15	
1523	19	1523	15	
1524	19	1524	15	
1525	19	1525	15	
1526	19	1526	15	
1527	20	1527	15	
1528	20	1528	16	
1529	20	1529	16	
1530	20	1530	16	
1531	21	1531	16	
1532	21	1532	16	
1533	21	1533	16	
1534	21	1534	16	
1535	21	1535	16	
1536	22	1536	16	
1537	22	1537	16	
1538	22	1538	16	
1539	22	1539	16	
1540	22	1540	17	
1541	22	1541	17	
1542	22	1542	17	
1543	23	1543	17	
1544	23	1544	17	
1545	23	1545	17	
1546	23	1546	17	
1547	23	1547	17	
1548	23	1548	17	
1549	24	1549	17	
1550	24	1550	17	
1551	24	1551	17	
1552	24	1552	17	
1553	24	1553	17	
1554	24	1554	17	
1555	25	1555	17	
1556	25	1556	17	
1557	25	1557	17	
1558	25	1558	17	
1559	25	1559	17	
1560	25	1560	17	
1561	25	1561	17	
1562	25	1562	17	
1563	25	1563	17	
1564	25	1564	17	
1565	25	1565	17	
1566	25	1566	17	
1567	26	1567	17	
1568	26	1568	17	
1569	26	1569	17	
1570	26	1570	17	
1571	26	1571	17	
1572	26	1572	17	
1573	26	1573	17	
1574	26	1574	17	
1575	26	1575	17	
1576	26	1576	17	
1577	26	1577	17	
1578	26	1578	18	
1579	26	1579	18	
1580	27	1580	18	
1581	27	1581	18	
1582	27	1582	17	
1583	27	1583	17	
1584	27	1584	17	
1585	27	1585	17	
1586	27	1586	17	
1587	28	1587	17	
1588	28	1588	17	
1589	28	1589	17	
1590	28	1590	17	
1591	28	1591	17	
1592	28	1592	17	
1593	29	1593	17	
1594	29	1594	17	
1595	29	1595	17	
1596	29	1596	17	
1597	29	1597	17	
1598	30	1598	17	
1599	30	1599	17	
1600	30	1600	17	
1601	30	1601	17	
1602	30	1602	17	
1603	30	1603	18	
1604	30	1604	18	
1605	31	1605	18	
1606	31	1606	18	
1607	31	1607	17	
1608	31	1608	17	
1609	31	1609	17	
1610	31	1610	17	
1611	31	1611	17	
1612	31	1612	17	
1613	31	1613	17	
1614	31	1614	17	
1615	31	1615	17	
1616	31	1616	17	
1617	31	1617	17	
1618	31	1618	17	
1619	31	1619	17	
1620	31	1620	17	
1621	31	1621	17	
1622	31	1622	16	
1623	31	1623	16	
1624	31	1624	16	
1625	31	1625	16	
1626	31	1626	17	
1627	31	1627	17	
1628	31	1628	17	
1629	31	1629	17	
1630	32	1630	17	
1631	32	1631	17	
1632	32	1632	17	
1633	32	1633	17	
1634	32	1634	17	
1635	32	1635	17	
1636	32	1636	17	
1637	32	1637	17	
1638	32	1638	17	
1639	32	1639	17	
1640	33	1640	18	
1641	33	1641	18	
1642	33	1642	18	
1643	33	1643	18	
1644	33	1644	18	
1645	33	1645	17	
1646	33	1646	17	
1647	32	1647	17	
1648	32	1648	17	
1649	32	1649	17	
1650	32	1650	17	
1651	32	1651	17	
1652	32	1652	17	
1653	32	1653	17	
1654	32	1654	17	
1655	32	1655	17	
1656	32	1656	17	
1657	31	1657	17	
1658	31	1658	17	
1659	31	1659	17	
1660	31	1660	17	
1661	31	1661	17	
1662	31	1662	17	
1663	31	1663	17	
1664	31	1664	17	
1665	31	1665	17	
1666	31	1666	18	
1667	31	1667	18	
1668	31	1668	18	
1669	31	1669	18	
1670	31	1670	18	
1671	31	1671	18	
1672	31	1672	18	
1673	31	1673	18	
1674	31	1674	18	
1675	31	1675	18	
1676	31	1676	18	
1677	31	1677	18	
1678	31	1678	18	
1679	31	1679	18	
1680	31	1680	18	
1681	31	1681	18	
1682	31	1682	17	
1683	30	1683	17	
1684	30	1684	17	
1685	30	1685	17	
1686	30	1686	17	
1687	30	1687	17	
1688	30	1688	17	
1689	30	1689	17	
1690	30	1690	17	
1691	30	1691	17	
1692	30	1692	17	
1693	30	1693	17	
1694	30	1694	16	
1695	30	1695	16	
1696	30	1696	16	
1697	30	1697	16	
1698	30	1698	16	
1699	30	1699	16	
1700	30	1700	16	
1701	30	1701	16	
1702	30	1702	16	
1703	30	1703	16	
1704	30	1704	16	
1705	30	1705	16	
1706	30	1706	16	
1707	30	1707	16	
1708	30	1708	16	
1709	29	1709	16	
1710	29	1710	16	
1711	29	1711	16	
1712	29	1712	16	
1713	29	1713	16	
1714	29	1714	16	
1715	29	1715	16	
1716	29	1716	16	
1717	29	1717	16	
1718	29	1718	16	
1719	28	1719	16	
1720	28	1720	15	
1721	28	1721	15	
1722	28	1722	15	
1723	28	1723	15	
1724	28	1724	15	
1725	27	1725	15	
1726	27	1726	15	
1727	27	1727	15	
1728	27	1728	15	
1729	27	1729	15	
1730	27	1730	15	
1731	27	1731	15	
1732	26	1732	14	
1733	26	1733	14	
1734	26	1734	14	
1735	26	1735	14	
1736	26	1736	14	
1737	26	1737	14	
1738	26	1738	14	
1739	26	1739	14	
1740	26	1740	14	
1741	26	1741	14	
1742	26	1742	14	
1743	26	1743	14	
1744	26	1744	13	
1745	25	1745	13	
1746	25	1746	13	
1747	25	1747	13	
1748	25	1748	13	
1749	25	1749	13	
1750	25	1750	13	
1751	25	1751	13	
1752	25	1752	13	
1753	25	1753	13	
1754	25	1754	13	
1755	25	1755	13	
1756	25	1756	12	
1757	24	1757	12	
1758	24	1758	12	
1759	24	1759	12	
1760	24	1760	12	
1761	24	1761	12	
1762	24	1762	12	
1763	24	1763	12	
1764	23	1764	12	
1765	23	1765	12	
1766	23	1766	12	
1767	23	1767	12	
1768	23	1768	12	
1769	22	1769	12	
1770	22	1770	12	
1771	22	1771	12	
1772	22	1772	12	
1773	21	1773	12	
1774	21	1774	12	
1775	21	1775	12	
1776	21	1776	12	
1777	20	1777	12	
1778	20	1778	12	
1779	20	1779	12	
1780	20	1780	12	
1781	20	1781	12	
1782	19	1782	12	
1783	19	1783	11	
1784	19	1784	11	
1785	19	1785	11	
1786	19	1786	11	
1787	18	1787	11	
1788	18	1788	11	
1789	18	1789	11	
1790	18	1790	11	
1791	18	1791	11	
1792	18	1792	11	
1793	18	1793	10	
1794	18	1794	10	
1795	17	1795	10	
1796	17	1796	10	
1797	17	1797	10	
1798	17	1798	10	
1799	17	1799	10	
1800	17	1800	9	
1801	17	1801	9	
1802	17	1802	9	
1803	17	1803	9	
1804	17	1804	9	
1805	17	1805	9	
1806	17	1806	8	
1807	16	1807	8	
1808	16	1808	8	
1809	16	1809	8	
1810	16	1810	8	
1811	15	1811	8	
1812	15	1812	7	
1813	15	1813	7	
1814	15	1814	7	
1815	14	1815	7	
1816	14	1816	7	
1817	14	1817	7	
1818	14	1818	7	
1819	13	1819	6	
1820	13	1820	6	
1821	13	1821	6	
1822	13	1822	6	
1823	13	1823	6	
1824	13	1824	6	
1825	13	1825	6	
1826	12	1826	6	
1827	12	1827	6	
1828	12	1828	6	
1829	12	1829	6	
1830	12	1830	6	
1831	12	1831	5	
1832	11	1832	5	
1833	11	1833	5	
1834	11	1834	5	
1835	11	1835	5	
1836	10	1836	5	
1837	10	1837	4	
1838	10	1838	4	
1839	10	1839	4	
1840	9	1840	4	
1841	9	1841	4	
1842	9	1842	4	
1843	9	1843	3	
1844	8	1844	3	
1845	8	1845	3	
1846	8	1846	3	
1847	8	1847	3	
1848	7	1848	3	
1849	7	1849	2	
1850	7	1850	2	
1851	7	1851	2	
1852	6	1852	2	
1853	6	1853	2	
1854	6	1854	2	
1855	6	1855	2	
1856	6	1856	2	
1857	5	1857	2	
1858	5	1858	2	
1859	5	1859	2	
1860	5	1860	2	
1861	5	1861	2	
1862	5	1862	2	
1863	4	1863	2	
1864	4	1864	2	
1865	4	1865	2	
1866	4	1866	2	
1867	4	1867	2	
1868	4	1868	2	
1869	3	1869	1	
1870	3	1870	1	
1871	3	1871	1	
1872	3	1872	1	
1873	2	1873	1	
1874	2	1874	1	
1875	2	1875	0	
1876	2	1876	0	
1877	2	1877	0	
1878	1	1878	0	
1879	1	1879	0	
1880	1	1880	0	
1881	1	1881	-1	
1882	0	1882	-1	
1883	0	1883	-1	
1884	0	1884	-1	
1885	-1	1885	-1	
1886	-1	1886	-1	
1887	-1	1887	-2	
1888	-1	1888	-2	
1889	-1	1889	-2	
1890	-2	1890	-2	
1891	-2	1891	-2	
1892	-2	1892	-2	
1893	-2	1893	-3	
1894	-3	1894	-3	
1895	-3	1895	-3	
1896	-3	1896	-3	
1897	-3	1897	-3	
1898	-3	1898	-3	
1899	-3	1899	-4	
1900	-3	1900	-4	
1901	-4	1901	-4	
1902	-4	1902	-4	
1903	-4	1903	-4	
1904	-4	1904	-4	
1905	-4	1905	-4	
1906	-4	1906	-5	
1907	-5	1907	-5	
1908	-5	1908	-5	
1909	-5	1909	-5	
1910	-5	1910	-5	
1911	-6	1911	-5	
1912	-6	1912	-5	
1913	-6	1913	-5	
1914	-6	1914	-5	
1915	-7	1915	-5	
1916	-7	1916	-5	
1917	-7	1917	-5	
1918	-7	1918	-6	
1919	-8	1919	-6	
1920	-8	1920	-6	
1921	-8	1921	-6	
1922	-8	1922	-6	
1923	-9	1923	-6	
1924	-9	1924	-7	
1925	-9	1925	-7	
1926	-9	1926	-7	
1927	-10	1927	-7	
1928	-10	1928	-7	
1929	-10	1929	-7	
1930	-10	1930	-7	
1931	-10	1931	-8	
1932	-11	1932	-8	
1933	-11	1933	-8	
1934	-11	1934	-8	
1935	-11	1935	-8	
1936	-11	1936	-8	
1937	-11	1937	-8	
1938	-12	1938	-8	
1939	-12	1939	-8	
1940	-12	1940	-8	
1941	-12	1941	-8	
1942	-12	1942	-8	
1943	-12	1943	-8	
1944	-13	1944	-9	
1945	-13	1945	-9	
1946	-13	1946	-9	
1947	-13	1947	-9	
1948	-13	1948	-9	
1949	-13	1949	-9	
1950	-13	1950	-9	
1951	-14	1951	-9	
1952	-14	1952	-9	
1953	-14	1953	-9	
1954	-14	1954	-9	
1955	-14	1955	-9	
1956	-15	1956	-9	
1957	-15	1957	-10	
1958	-15	1958	-10	
1959	-15	1959	-10	
1960	-16	1960	-10	
1961	-16	1961	-10	
1962	-16	1962	-10	
1963	-17	1963	-10	
1964	-17	1964	-10	
1965	-17	1965	-10	
1966	-18	1966	-10	
1967	-18	1967	-10	
1968	-18	1968	-10	
1969	-19	1969	-11	
1970	-19	1970	-11	
1971	-19	1971	-11	
1972	-20	1972	-11	
1973	-20	1973	-11	
1974	-20	1974	-11	
1975	-20	1975	-11	
1976	-20	1976	-11	
1977	-21	1977	-11	
1978	-21	1978	-11	
1979	-21	1979	-11	
1980	-21	1980	-11	
1981	-21	1981	-11	
1982	-22	1982	-12	
1983	-22	1983	-12	
1984	-22	1984	-12	
1985	-22	1985	-12	
1986	-22	1986	-12	
1987	-22	1987	-12	
1988	-22	1988	-12	
1989	-22	1989	-12	
1990	-22	1990	-12	
1991	-22	1991	-12	
1992	-22	1992	-12	
1993	-22	1993	-12	
1994	-22	1994	-13	
1995	-23	1995	-13	
1996	-23	1996	-13	
1997	-23	1997	-13	
1998	-23	1998	-13	
1999	-23	1999	-13	
2000	-23	2000	-13	
2001	-24	2001	-13	
2002	-24	2002	-13	
2003	-24	2003	-13	
2004	-24	2004	-13	
2005	-24	2005	-13	
2006	-24	2006	-14	
2007	-25	2007	-14	
2008	-25	2008	-14	
2009	-25	2009	-14	
2010	-26	2010	-14	
2011	-26	2011	-14	
2012	-26	2012	-14	
2013	-26	2013	-14	
2014	-26	2014	-14	
2015	-27	2015	-14	
2016	-27	2016	-14	
2017	-27	2017	-14	
2018	-27	2018	-14	
2019	-28	2019	-14	
2020	-28	2020	-14	
2021	-28	2021	-14	
2022	-28	2022	-14	
2023	-28	2023	-14	
2024	-28	2024	-14	
2025	-28	2025	-14	
2026	-28	2026	-14	
2027	-28	2027	-14	
2028	-28	2028	-14	
2029	-28	2029	-14	
2030	-28	2030	-14	
2031	-28	2031	-14	
2032	-28	2032	-15	
2033	-29	2033	-15	
2034	-29	2034	-15	
2035	-29	2035	-15	
2036	-29	2036	-15	
2037	-29	2037	-15	
2038	-29	2038	-15	
2039	-29	2039	-15	
2040	-29	2040	-15	
2041	-29	2041	-15	
2042	-29	2042	-15	
2043	-29	2043	-15	
2044	-29	2044	-16	
2045	-30	2045	-16	
2046	-30	2046	-16	
2047	-30	2047	-16	
2048	-30	2048	-16	
2049	-30	2049	-16	
2050	-30	2050	-16	
2051	-30	2051	-16	
2052	-30	2052	-16	
2053	-30	2053	-16	
2054	-30	2054	-16	
2055	-30	2055	-16	
2056	-30	2056	-16	
2057	-31	2057	-16	
2058	-31	2058	-16	
2059	-31	2059	-16	
2060	-31	2060	-16	
2061	-31	2061	-16	
2062	-31	2062	-16	
2063	-32	2063	-16	
2064	-32	2064	-16	
2065	-32	2065	-15	
2066	-32	2066	-15	
2067	-32	2067	-15	
2068	-32	2068	-15	
2069	-32	2069	-15	
2070	-32	2070	-16	
2071	-32	2071	-16	
2072	-32	2072	-16	
2073	-32	2073	-16	
2074	-32	2074	-16	
2075	-32	2075	-16	
2076	-32	2076	-16	
2077	-32	2077	-16	
2078	-32	2078	-16	
2079	-32	2079	-16	
2080	-32	2080	-16	
2081	-32	2081	-16	
2082	-32	2082	-16	
2083	-33	2083	-16	
2084	-33	2084	-16	
2085	-33	2085	-16	
2086	-33	2086	-16	
2087	-33	2087	-16	
2088	-33	2088	-16	
2089	-33	2089	-16	
2090	-33	2090	-15	
2091	-33	2091	-15	
2092	-33	2092	-15	
2093	-33	2093	-15	
2094	-33	2094	-15	
2095	-33	2095	-16	
2096	-33	2096	-16	
2097	-33	2097	-16	
2098	-33	2098	-16	
2099	-33	2099	-16	
2100	-33	2100	-16	
2101	-33	2101	-16	
2102	-33	2102	-16	
2103	-33	2103	-16	
2104	-33	2104	-16	
2105	-33	2105	-16	
2106	-33	2106	-16	
2107	-33	2107	-16	
2108	-33	2108	-16	
2109	-33	2109	-17	
2110	-33	2110	-17	
2111	-33	2111	-17	
2112	-33	2112	-17	
2113	-33	2113	-16	
2114	-33	2114	-16	
2115	-33	2115	-16	
2116	-33	2116	-16	
2117	-33	2117	-16	
2118	-33	2118	-16	
2119	-33	2119	-16	
2120	-33	2120	-16	
2121	-33	2121	-16	
2122	-33	2122	-16	
2123	-33	2123	-16	
2124	-33	2124	-16	
2125	-33	2125	-16	
2126	-33	2126	-16	
2127	-33	2127	-16	
2128	-33	2128	-16	
2129	-33	2129	-15	
2130	-33	2130	-15	
2131	-33	2131	-15	
2132	-33	2132	-15	
2133	-33	2133	-15	
2134	-33	2134	-15	
2135	-33	2135	-15	
2136	-33	2136	-15	
2137	-34	2137	-15	
2138	-34	2138	-15	
2139	-34	2139	-15	
2140	-34	2140	-14	
2141	-33	2141	-14	
2142	-33	2142	-14	
2143	-33	2143	-14	
2144	-33	2144	-14	
2145	-33	2145	-14	
2146	-33	2146	-14	
2147	-33	2147	-14	
2148	-33	2148	-14	
2149	-32	2149	-14	
2150	-32	2150	-14	
2151	-32	2151	-14	
2152	-32	2152	-14	
2153	-32	2153	-14	
2154	-32	2154	-14	
2155	-31	2155	-14	
2156	-31	2156	-14	
2157	-31	2157	-14	
2158	-31	2158	-14	
2159	-31	2159	-14	
2160	-31	2160	-14	
2161	-31	2161	-14	
2162	-31	2162	-14	
2163	-31	2163	-14	
2164	-31	2164	-14	
2165	-31	2165	-14	
2166	-30	2166	-13	
2167	-30	2167	-13	
2168	-30	2168	-13	
2169	-30	2169	-13	
2170	-30	2170	-13	
2171	-30	2171	-13	
2172	-30	2172	-13	
2173	-30	2173	-13	
2174	-30	2174	-13	
2175	-30	2175	-13	
2176	-30	2176	-13	
2177	-30	2177	-13	
2178	-30	2178	-12	
2179	-30	2179	-12	
2180	-30	2180	-12	
2181	-30	2181	-12	
2182	-30	2182	-12	
2183	-30	2183	-12	
2184	-30	2184	-12	
2185	-30	2185	-12	
2186	-30	2186	-12	
2187	-29	2187	-12	
2188	-29	2188	-12	
2189	-29	2189	-12	
2190	-29	2190	-12	
2191	-29	2191	-12	
2192	-29	2192	-12	
2193	-28	2193	-12	
2194	-28	2194	-12	
2195	-28	2195	-12	
2196	-28	2196	-12	
2197	-28	2197	-12	
2198	-28	2198	-11	
2199	-27	2199	-11	
2200	-27	2200	-11	
2201	-27	2201	-11	
2202	-27	2202	-11	
2203	-27	2203	-11	
2204	-27	2204	-10	
2205	-26	2205	-10	
2206	-26	2206	-10	
2207	-26	2207	-10	
2208	-26	2208	-10	
2209	-26	2209	-10	
2210	-26	2210	-10	
2211	-25	2211	-10	
2212	-25	2212	-10	
2213	-25	2213	-10	
2214	-25	2214	-10	
2215	-25	2215	-10	
2216	-25	2216	-9	
2217	-25	2217	-9	
2218	-24	2218	-9	
2219	-24	2219	-9	
2220	-24	2220	-9	
2221	-24	2221	-9	
2222	-24	2222	-9	
2223	-24	2223	-9	
2224	-23	2224	-9	
2225	-23	2225	-9	
2226	-23	2226	-9	
2227	-23	2227	-9	
2228	-23	2228	-8	
2229	-23	2229	-8	
2230	-22	2230	-8	
2231	-22	2231	-8	
2232	-22	2232	-8	
2233	-22	2233	-8	
2234	-22	2234	-8	
2235	-22	2235	-8	
2236	-21	2236	-8	
2237	-21	2237	-8	
2238	-21	2238	-8	
2239	-21	2239	-8	
2240	-21	2240	-8	
2241	-21	2241	-8	
2242	-20	2242	-8	
2243	-20	2243	-8	
2244	-20	2244	-8	
2245	-20	2245	-8	
2246	-20	2246	-8	
2247	-20	2247	-8	
2248	-20	2248	-8	
2249	-20	2249	-8	
2250	-20	2250	-8	
2251	-20	2251	-8	
2252	-20	2252	-8	
2253	-20	2253	-8	
2254	-20	2254	-7	
2255	-20	2255	-7	
2256	-20	2256	-7	
2257	-20	2257	-7	
2258	-20	2258	-7	
2259	-20	2259	-7	
2260	-20	2260	-7	
2261	-19	2261	-6	
2262	-19	2262	-6	
2263	-19	2263	-6	
2264	-19	2264	-6	
2265	-18	2265	-6	
2266	-18	2266	-6	
2267	-18	2267	-5	
2268	-17	2268	-5	
2269	-17	2269	-5	
2270	-17	2270	-5	
2271	-16	2271	-4	
2272	-16	2272	-4	
2273	-16	2273	-4	
2274	-15	2274	-4	
2275	-15	2275	-3	
2276	-15	2276	-3	
2277	-14	2277	-3	
2278	-14	2278	-3	
2279	-14	2279	-2	
2280	-14	2280	-2	
2281	-13	2281	-2	
2282	-13	2282	-2	
2283	-13	2283	-2	
2284	-12	2284	-2	
2285	-12	2285	-2	
2286	-12	2286	-2	
2287	-12	2287	-2	
2288	-11	2288	-2	
2289	-11	2289	-1	
2290	-11	2290	-1	
2291	-11	2291	-1	
2292	-11	2292	-1	
2293	-10	2293	-1	
2294	-10	2294	-1	
2295	-10	2295	-1	
2296	-10	2296	-1	
2297	-10	2297	-1	
2298	-10	2298	-1	
2299	-10	2299	-1	
2300	-10	2300	-1	
2301	-10	2301	-1	
2302	-10	2302	-1	
2303	-10	2303	-1	
2304	-10	2304	-1	
2305	-9	2305	-1	
2306	-9	2306	-1	
2307	-9	2307	-1	
2308	-9	2308	-1	
2309	-9	2309	-1	
2310	-8	2310	-1	
2311	-8	2311	-1	
2312	-8	2312	-1	
2313	-8	2313	-1	
2314	-7	2314	-1	
2315	-7	2315	-1	
2316	-7	2316	0	
2317	-7	2317	0	
2318	-6	2318	0	
2319	-6	2319	0	
2320	-6	2320	0	
2321	-6	2321	0	
2322	-5	2322	0	
2323	-5	2323	1	
2324	-5	2324	1	
2325	-5	2325	1	
2326	-4	2326	1	
2327	-4	2327	1	
2328	-4	2328	1	
2329	-4	2329	2	
2330	-3	2330	2	
2331	-3	2331	2	
2332	-3	2332	2	
2333	-3	2333	2	
2334	-2	2334	2	
2335	-2	2335	3	
2336	-2	2336	3	
2337	-2	2337	3	
2338	-2	2338	3	
2339	-1	2339	3	
2340	-1	2340	3	
2341	-1	2341	3	
2342	-1	2342	4	
2343	0	2343	4	
2344	0	2344	4	
2345	0	2345	4	
2346	0	2346	4	
2347	0	2347	4	
2348	0	2348	5	
2349	1	2349	5	
2350	1	2350	5	
2351	1	2351	5	
2352	1	2352	5	
2353	1	2353	5	
2354	1	2354	6	
2355	2	2355	6	
2356	2	2356	6	
2357	2	2357	6	
2358	2	2358	6	
2359	2	2359	6	
2360	2	2360	7	
2361	2	2361	7	
2362	3	2362	7	
2363	3	2363	7	
2364	3	2364	7	
2365	3	2365	7	
2366	3	2366	8	
2367	3	2367	8	
2368	4	2368	8	
2369	4	2369	8	
2370	4	2370	8	
2371	4	2371	8	
2372	5	2372	8	
2373	5	2373	8	
2374	5	2374	8	
2375	5	2375	8	
2376	5	2376	8	
2377	6	2377	8	
2378	6	2378	8	
2379	6	2379	8	
2380	7	2380	8	
2381	7	2381	8	
2382	7	2382	8	
2383	7	2383	8	
2384	7	2384	8	
2385	8	2385	8	
2386	8	2386	9	
2387	8	2387	9	
2388	8	2388	9	
2389	9	2389	9	
2390	9	2390	9	
2391	9	2391	9	
2392	9	2392	10	
2393	10	2393	10	
2394	10	2394	10	
2395	10	2395	10	
2396	10	2396	10	
2397	11	2397	11	
2398	11	2398	11	
2399	11	2399	11	
2400	11	2400	11	
2401	12	2401	11	
2402	12	2402	11	
2403	12	2403	11	
2404	12	2404	12	
2405	13	2405	12	
2406	13	2406	12	
2407	13	2407	12	
2408	13	2408	12	
2409	13	2409	12	
2410	13	2410	12	
2411	14	2411	12	
2412	14	2412	12	
2413	14	2413	12	
2414	14	2414	12	
2415	14	2415	12	
2416	14	2416	12	
2417	14	2417	12	
2418	15	2418	12	
2419	15	2419	12	
2420	15	2420	12	
2421	15	2421	12	
2422	16	2422	12	
2423	16	2423	13	
2424	16	2424	13	
2425	16	2425	13	
2426	17	2426	13	
2427	17	2427	13	
2428	17	2428	13	
2429	17	2429	14	
2430	18	2430	14	
2431	18	2431	14	
2432	18	2432	14	
2433	18	2433	14	
2434	18	2434	14	
2435	18	2435	14	
2436	19	2436	14	
2437	19	2437	14	
2438	19	2438	14	
2439	19	2439	14	
2440	19	2440	14	
2441	19	2441	14	
2442	19	2442	14	
2443	20	2443	14	
2444	20	2444	14	
2445	20	2445	14	
2446	20	2446	14	
2447	21	2447	14	
2448	21	2448	14	
2449	21	2449	14	
2450	21	2450	14	
2451	22	2451	14	
2452	22	2452	14	
2453	22	2453	14	
2454	22	2454	15	
2455	23	2455	15	
2456	23	2456	15	
2457	23	2457	15	
2458	23	2458	15	
2459	23	2459	15	
2460	23	2460	15	
2461	23	2461	15	
2462	23	2462	15	
2463	23	2463	15	
2464	23	2464	16	
2465	23	2465	16	
2466	24	2466	16	
2467	24	2467	16	
2468	24	2468	16	
2469	24	2469	16	
2470	24	2470	15	
2471	24	2471	15	
2472	24	2472	15	
2473	24	2473	15	
2474	24	2474	15	
2475	24	2475	15	
2476	24	2476	15	
2477	24	2477	15	
2478	24	2478	15	
2479	24	2479	15	
2480	25	2480	15	
2481	25	2481	15	
2482	25	2482	15	
2483	25	2483	15	
2484	25	2484	15	
2485	26	2485	15	
2486	26	2486	15	
2487	26	2487	15	
2488	26	2488	15	
2489	27	2489	15	
2490	27	2490	15	
2491	27	2491	15	
2492	27	2492	16	
2493	28	2493	16	
2494	28	2494	16	
2495	28	2495	16	
2496	28	2496	16	
2497	28	2497	16	
2498	29	2498	17	
2499	29	2499	17	
