Time - RF	Amplitude - RF	Time - CRF	Amplitude - CRF	
0	11	0	3	
1	11	1	3	
2	11	2	3	
3	11	3	3	
4	10	4	3	
5	10	5	3	
6	10	6	2	
7	10	7	2	
8	9	8	2	
9	9	9	2	
10	9	10	2	
11	9	11	2	
12	8	12	1	
13	8	13	1	
14	8	14	1	
15	8	15	1	
16	7	16	1	
17	7	17	1	
18	7	18	1	
19	7	19	0	
20	7	20	0	
21	6	21	0	
22	6	22	0	
23	6	23	0	
24	5	24	0	
25	5	25	0	
26	5	26	0	
27	5	27	0	
28	4	28	0	
29	4	29	0	
30	4	30	0	
31	3	31	-1	
32	3	32	-1	
33	3	33	-1	
34	2	34	-1	
35	2	35	-2	
36	2	36	-2	
37	1	37	-2	
38	1	38	-2	
39	1	39	-3	
40	1	40	-3	
41	0	41	-3	
42	0	42	-3	
43	0	43	-4	
44	0	44	-4	
45	-1	45	-4	
46	-1	46	-4	
47	-1	47	-4	
48	-1	48	-5	
49	-1	49	-5	
50	-2	50	-5	
51	-2	51	-5	
52	-2	52	-5	
53	-2	53	-5	
54	-2	54	-5	
55	-2	55	-5	
56	-3	56	-5	
57	-3	57	-5	
58	-3	58	-5	
59	-3	59	-5	
60	-3	60	-5	
61	-3	61	-5	
62	-4	62	-5	
63	-4	63	-5	
64	-4	64	-5	
65	-4	65	-5	
66	-5	66	-5	
67	-5	67	-5	
68	-5	68	-5	
69	-5	69	-5	
70	-5	70	-6	
71	-6	71	-6	
72	-6	72	-6	
73	-6	73	-6	
74	-7	74	-6	
75	-7	75	-6	
76	-7	76	-6	
77	-7	77	-6	
78	-8	78	-6	
79	-8	79	-6	
80	-8	80	-6	
81	-8	81	-7	
82	-9	82	-7	
83	-9	83	-7	
84	-9	84	-7	
85	-9	85	-7	
86	-9	86	-7	
87	-9	87	-8	
88	-10	88	-8	
89	-10	89	-8	
90	-10	90	-8	
91	-10	91	-8	
92	-10	92	-8	
93	-10	93	-9	
94	-10	94	-9	
95	-10	95	-9	
96	-10	96	-9	
97	-10	97	-9	
98	-10	98	-9	
99	-10	99	-10	
100	-11	100	-10	
101	-11	101	-10	
102	-11	102	-10	
103	-11	103	-10	
104	-12	104	-10	
105	-12	105	-10	
106	-12	106	-10	
107	-12	107	-10	
108	-13	108	-10	
109	-13	109	-10	
110	-13	110	-10	
111	-13	111	-10	
112	-14	112	-10	
113	-14	113	-10	
114	-14	114	-10	
115	-14	115	-10	
116	-15	116	-10	
117	-15	117	-10	
118	-15	118	-10	
119	-15	119	-11	
120	-16	120	-11	
121	-16	121	-11	
122	-16	122	-11	
123	-16	123	-11	
124	-16	124	-11	
125	-17	125	-12	
126	-17	126	-12	
127	-17	127	-12	
128	-17	128	-12	
129	-17	129	-12	
130	-17	130	-12	
131	-18	131	-13	
132	-18	132	-13	
133	-18	133	-13	
134	-18	134	-13	
135	-18	135	-13	
136	-18	136	-13	
137	-19	137	-14	
138	-19	138	-14	
139	-19	139	-14	
140	-19	140	-14	
141	-20	141	-14	
142	-20	142	-14	
143	-20	143	-14	
144	-20	144	-15	
145	-21	145	-15	
146	-21	146	-15	
147	-21	147	-15	
148	-21	148	-15	
149	-21	149	-15	
150	-22	150	-15	
151	-22	151	-15	
152	-22	152	-15	
153	-22	153	-15	
154	-22	154	-15	
155	-22	155	-15	
156	-23	156	-16	
157	-23	157	-16	
158	-23	158	-16	
159	-23	159	-16	
160	-23	160	-16	
161	-23	161	-16	
162	-24	162	-17	
163	-24	163	-17	
164	-24	164	-17	
165	-24	165	-17	
166	-24	166	-17	
167	-24	167	-17	
168	-24	168	-17	
169	-25	169	-18	
170	-25	170	-18	
171	-25	171	-18	
172	-25	172	-18	
173	-25	173	-18	
174	-25	174	-18	
175	-26	175	-18	
176	-26	176	-18	
177	-26	177	-18	
178	-26	178	-18	
179	-26	179	-18	
180	-26	180	-18	
181	-27	181	-19	
182	-27	182	-19	
183	-27	183	-19	
184	-27	184	-19	
185	-27	185	-19	
186	-27	186	-19	
187	-28	187	-19	
188	-28	188	-19	
189	-28	189	-19	
190	-28	190	-19	
191	-28	191	-19	
192	-28	192	-19	
193	-29	193	-19	
194	-29	194	-19	
195	-29	195	-19	
196	-29	196	-19	
197	-29	197	-19	
198	-29	198	-19	
199	-29	199	-19	
200	-30	200	-19	
201	-30	201	-19	
202	-30	202	-19	
203	-30	203	-19	
204	-30	204	-19	
205	-30	205	-19	
206	-30	206	-19	
207	-30	207	-20	
208	-30	208	-20	
209	-30	209	-20	
210	-30	210	-20	
211	-30	211	-20	
212	-31	212	-20	
213	-31	213	-20	
214	-31	214	-20	
215	-31	215	-20	
216	-31	216	-20	
217	-31	217	-20	
218	-32	218	-20	
219	-32	219	-20	
220	-32	220	-20	
221	-32	221	-20	
222	-32	222	-20	
223	-32	223	-20	
224	-32	224	-20	
225	-32	225	-20	
226	-32	226	-20	
227	-32	227	-20	
228	-32	228	-20	
229	-32	229	-20	
230	-32	230	-20	
231	-32	231	-20	
232	-32	232	-20	
233	-32	233	-20	
234	-32	234	-20	
235	-32	235	-20	
236	-32	236	-20	
237	-32	237	-20	
238	-32	238	-20	
239	-33	239	-20	
240	-33	240	-20	
241	-33	241	-20	
242	-33	242	-20	
243	-33	243	-20	
244	-33	244	-20	
245	-33	245	-20	
246	-33	246	-20	
247	-33	247	-20	
248	-33	248	-20	
249	-33	249	-20	
250	-34	250	-20	
251	-34	251	-20	
252	-34	252	-20	
253	-34	253	-20	
254	-34	254	-20	
255	-34	255	-20	
256	-34	256	-20	
257	-34	257	-20	
258	-34	258	-20	
259	-34	259	-20	
260	-34	260	-20	
261	-34	261	-20	
262	-34	262	-20	
263	-34	263	-20	
264	-34	264	-20	
265	-34	265	-20	
266	-34	266	-19	
267	-34	267	-19	
268	-34	268	-19	
269	-34	269	-19	
270	-34	270	-19	
271	-34	271	-19	
272	-34	272	-19	
273	-33	273	-19	
274	-33	274	-19	
275	-33	275	-19	
276	-33	276	-19	
277	-33	277	-19	
278	-33	278	-19	
279	-33	279	-19	
280	-33	280	-19	
281	-33	281	-19	
282	-33	282	-19	
283	-32	283	-19	
284	-32	284	-19	
285	-32	285	-19	
286	-32	286	-19	
287	-32	287	-19	
288	-32	288	-19	
289	-33	289	-19	
290	-33	290	-19	
291	-33	291	-19	
292	-33	292	-19	
293	-33	293	-19	
294	-33	294	-19	
295	-33	295	-19	
296	-33	296	-19	
297	-33	297	-19	
298	-33	298	-19	
299	-33	299	-19	
300	-33	300	-19	
301	-34	301	-19	
302	-34	302	-19	
303	-34	303	-19	
304	-34	304	-18	
305	-34	305	-18	
306	-34	306	-18	
307	-34	307	-18	
308	-34	308	-18	
309	-33	309	-18	
310	-33	310	-18	
311	-33	311	-18	
312	-33	312	-18	
313	-33	313	-18	
314	-33	314	-18	
315	-33	315	-18	
316	-33	316	-17	
317	-32	317	-17	
318	-32	318	-17	
319	-32	319	-17	
320	-32	320	-17	
321	-32	321	-17	
322	-32	322	-17	
323	-31	323	-17	
324	-31	324	-17	
325	-31	325	-17	
326	-31	326	-17	
327	-31	327	-17	
328	-31	328	-16	
329	-31	329	-16	
330	-31	330	-16	
331	-31	331	-16	
332	-31	332	-16	
333	-31	333	-16	
334	-30	334	-16	
335	-30	335	-16	
336	-30	336	-16	
337	-30	337	-16	
338	-30	338	-16	
339	-30	339	-16	
340	-30	340	-15	
341	-30	341	-15	
342	-30	342	-15	
343	-30	343	-15	
344	-30	344	-15	
345	-30	345	-15	
346	-30	346	-15	
347	-30	347	-15	
348	-30	348	-15	
349	-30	349	-15	
350	-30	350	-15	
351	-30	351	-15	
352	-30	352	-15	
353	-30	353	-15	
354	-30	354	-15	
355	-30	355	-15	
356	-30	356	-15	
357	-30	357	-15	
358	-30	358	-15	
359	-30	359	-15	
360	-29	360	-15	
361	-29	361	-15	
362	-29	362	-15	
363	-29	363	-15	
364	-29	364	-15	
365	-29	365	-15	
366	-29	366	-14	
367	-29	367	-14	
368	-29	368	-14	
369	-29	369	-14	
370	-29	370	-14	
371	-29	371	-14	
372	-29	372	-14	
373	-28	373	-14	
374	-28	374	-14	
375	-28	375	-14	
376	-28	376	-14	
377	-28	377	-14	
378	-27	378	-13	
379	-27	379	-13	
380	-27	380	-13	
381	-27	381	-13	
382	-26	382	-13	
383	-26	383	-13	
384	-26	384	-13	
385	-26	385	-13	
386	-25	386	-13	
387	-25	387	-13	
388	-25	388	-13	
389	-25	389	-13	
390	-24	390	-13	
391	-24	391	-13	
392	-24	392	-12	
393	-24	393	-12	
394	-23	394	-12	
395	-23	395	-12	
396	-23	396	-12	
397	-23	397	-11	
398	-22	398	-11	
399	-22	399	-11	
400	-22	400	-11	
401	-22	401	-10	
402	-21	402	-10	
403	-21	403	-10	
404	-21	404	-9	
405	-21	405	-9	
406	-21	406	-9	
407	-20	407	-9	
408	-20	408	-9	
409	-20	409	-9	
410	-20	410	-8	
411	-19	411	-8	
412	-19	412	-8	
413	-19	413	-8	
414	-19	414	-8	
415	-19	415	-8	
416	-19	416	-7	
417	-18	417	-7	
418	-18	418	-7	
419	-18	419	-7	
420	-18	420	-7	
421	-18	421	-7	
422	-18	422	-7	
423	-17	423	-7	
424	-17	424	-7	
425	-17	425	-7	
426	-17	426	-7	
427	-17	427	-7	
428	-17	428	-7	
429	-17	429	-6	
430	-16	430	-6	
431	-16	431	-6	
432	-16	432	-6	
433	-16	433	-6	
434	-16	434	-6	
435	-16	435	-6	
436	-15	436	-5	
437	-15	437	-5	
438	-15	438	-5	
439	-15	439	-5	
440	-14	440	-5	
441	-14	441	-5	
442	-14	442	-4	
443	-14	443	-4	
444	-13	444	-4	
445	-13	445	-4	
446	-13	446	-4	
447	-13	447	-4	
448	-12	448	-4	
449	-12	449	-4	
450	-12	450	-4	
451	-12	451	-4	
452	-12	452	-4	
453	-12	453	-4	
454	-11	454	-3	
455	-11	455	-3	
456	-11	456	-3	
457	-11	457	-3	
458	-11	458	-3	
459	-11	459	-3	
460	-11	460	-3	
461	-10	461	-2	
462	-10	462	-2	
463	-10	463	-2	
464	-10	464	-2	
465	-9	465	-2	
466	-9	466	-2	
467	-9	467	-1	
468	-9	468	-1	
469	-9	469	-1	
470	-8	470	-1	
471	-8	471	-1	
472	-8	472	-1	
473	-7	473	0	
474	-7	474	0	
475	-7	475	0	
476	-7	476	0	
477	-6	477	0	
478	-6	478	0	
479	-6	479	1	
480	-6	480	1	
481	-6	481	1	
482	-5	482	1	
483	-5	483	2	
484	-5	484	2	
485	-5	485	2	
486	-4	486	2	
487	-4	487	3	
488	-4	488	3	
489	-4	489	3	
490	-4	490	3	
491	-4	491	3	
492	-3	492	4	
493	-3	493	4	
494	-3	494	4	
495	-3	495	4	
496	-3	496	4	
497	-3	497	4	
498	-2	498	4	
499	-2	499	4	
500	-2	500	4	
501	-2	501	4	
502	-2	502	4	
503	-1	503	5	
504	-1	504	5	
505	-1	505	5	
506	-1	506	5	
507	0	507	5	
508	0	508	5	
509	0	509	5	
510	0	510	5	
511	1	511	6	
512	1	512	6	
513	1	513	6	
514	1	514	6	
515	1	515	6	
516	1	516	6	
517	2	517	7	
518	2	518	7	
519	2	519	7	
520	2	520	7	
521	2	521	7	
522	2	522	7	
523	3	523	8	
524	3	524	8	
525	3	525	8	
526	3	526	8	
527	3	527	8	
528	4	528	8	
529	4	529	9	
530	4	530	9	
531	4	531	9	
532	5	532	9	
533	5	533	9	
534	5	534	9	
535	5	535	10	
536	6	536	10	
537	6	537	10	
538	6	538	10	
539	7	539	10	
540	7	540	10	
541	7	541	10	
542	8	542	11	
543	8	543	11	
544	8	544	11	
545	9	545	11	
546	9	546	11	
547	9	547	11	
548	9	548	12	
549	10	549	12	
550	10	550	12	
551	10	551	12	
552	10	552	12	
553	10	553	12	
554	11	554	13	
555	11	555	13	
556	11	556	13	
557	11	557	13	
558	11	558	13	
559	11	559	13	
560	11	560	14	
561	12	561	14	
562	12	562	14	
563	12	563	14	
564	12	564	14	
565	13	565	14	
566	13	566	14	
567	13	567	15	
568	13	568	15	
569	13	569	15	
570	14	570	15	
571	14	571	15	
572	14	572	15	
573	15	573	15	
574	15	574	15	
575	15	575	15	
576	15	576	15	
577	16	577	15	
578	16	578	16	
579	16	579	16	
580	16	580	16	
581	17	581	16	
582	17	582	16	
583	17	583	16	
584	17	584	16	
585	17	585	16	
586	18	586	16	
587	18	587	16	
588	18	588	16	
589	18	589	16	
590	18	590	17	
591	18	591	17	
592	18	592	17	
593	18	593	17	
594	18	594	17	
595	18	595	17	
596	18	596	17	
597	18	597	17	
598	18	598	17	
599	18	599	17	
600	18	600	17	
601	18	601	17	
602	18	602	17	
603	19	603	17	
604	19	604	17	
605	19	605	17	
606	19	606	17	
607	20	607	17	
608	20	608	17	
609	20	609	17	
610	20	610	17	
611	21	611	18	
612	21	612	18	
613	21	613	18	
614	21	614	18	
615	21	615	18	
616	21	616	18	
617	22	617	19	
618	22	618	19	
619	22	619	19	
620	22	620	19	
621	22	621	19	
622	22	622	19	
623	23	623	19	
624	23	624	19	
625	23	625	19	
626	23	626	19	
627	23	627	20	
628	23	628	20	
629	24	629	20	
630	24	630	20	
631	24	631	20	
632	24	632	20	
633	24	633	20	
634	24	634	20	
635	24	635	20	
636	25	636	20	
637	25	637	20	
638	25	638	20	
639	25	639	20	
640	25	640	20	
641	25	641	20	
642	26	642	20	
643	26	643	20	
644	26	644	20	
645	26	645	20	
646	26	646	20	
647	26	647	20	
648	27	648	20	
649	27	649	20	
650	27	650	20	
651	27	651	20	
652	27	652	20	
653	27	653	20	
654	27	654	21	
655	27	655	21	
656	27	656	21	
657	27	657	21	
658	27	658	21	
659	27	659	21	
660	28	660	22	
661	28	661	22	
662	28	662	22	
663	28	663	22	
664	28	664	22	
665	28	665	22	
666	28	666	23	
667	29	667	23	
668	29	668	23	
669	29	669	23	
670	29	670	23	
671	29	671	23	
672	29	672	23	
673	30	673	23	
674	30	674	23	
675	30	675	23	
676	30	676	23	
677	30	677	23	
678	30	678	23	
679	30	679	23	
680	30	680	23	
681	30	681	23	
682	30	682	23	
683	30	683	23	
684	30	684	23	
685	31	685	23	
686	31	686	23	
687	31	687	23	
688	31	688	23	
689	31	689	23	
690	31	690	23	
691	31	691	23	
692	31	692	23	
693	31	693	23	
694	31	694	22	
695	31	695	22	
696	31	696	22	
697	32	697	22	
698	32	698	22	
699	32	699	22	
700	32	700	22	
701	32	701	22	
702	32	702	22	
703	32	703	22	
704	32	704	22	
705	32	705	22	
706	32	706	22	
707	32	707	22	
708	32	708	22	
709	33	709	22	
710	33	710	22	
711	33	711	22	
712	33	712	22	
713	33	713	22	
714	33	714	22	
715	33	715	22	
716	33	716	22	
717	33	717	22	
718	33	718	22	
719	33	719	22	
720	33	720	22	
721	33	721	22	
722	33	722	22	
723	33	723	22	
724	33	724	22	
725	33	725	22	
726	33	726	22	
727	33	727	22	
728	33	728	22	
729	33	729	22	
730	33	730	22	
731	33	731	22	
732	33	732	22	
733	33	733	22	
734	33	734	22	
735	33	735	22	
736	33	736	22	
737	33	737	22	
738	33	738	22	
739	33	739	22	
740	33	740	22	
741	33	741	22	
742	33	742	22	
743	33	743	22	
744	33	744	22	
745	33	745	22	
746	33	746	22	
747	33	747	22	
748	33	748	22	
749	33	749	22	
750	33	750	22	
751	32	751	22	
752	32	752	22	
753	32	753	22	
754	32	754	22	
755	32	755	22	
756	32	756	22	
757	32	757	21	
758	32	758	21	
759	32	759	21	
760	32	760	21	
761	32	761	21	
762	32	762	21	
763	31	763	21	
764	31	764	21	
765	31	765	21	
766	31	766	21	
767	31	767	21	
768	31	768	21	
769	31	769	21	
770	31	770	21	
771	31	771	21	
772	31	772	21	
773	31	773	21	
774	31	774	21	
775	31	775	21	
776	31	776	21	
777	31	777	21	
778	31	778	21	
779	31	779	21	
780	31	780	21	
781	31	781	21	
782	31	782	21	
783	31	783	21	
784	31	784	21	
785	31	785	21	
786	31	786	21	
787	31	787	21	
788	31	788	21	
789	30	789	21	
790	30	790	21	
791	30	791	21	
792	30	792	21	
793	30	793	21	
794	30	794	21	
795	30	795	20	
796	30	796	20	
797	30	797	20	
798	30	798	20	
799	30	799	20	
800	30	800	20	
801	29	801	20	
802	29	802	20	
803	29	803	20	
804	29	804	20	
805	29	805	20	
806	29	806	19	
807	29	807	19	
808	29	808	19	
809	29	809	19	
810	29	810	19	
811	29	811	19	
812	29	812	18	
813	28	813	18	
814	28	814	18	
815	28	815	18	
816	28	816	18	
817	28	817	18	
818	28	818	18	
819	28	819	17	
820	28	820	17	
821	28	821	17	
822	28	822	17	
823	28	823	17	
824	28	824	17	
825	27	825	17	
826	27	826	17	
827	27	827	17	
828	27	828	17	
829	27	829	17	
830	27	830	17	
831	26	831	16	
832	26	832	16	
833	26	833	16	
834	26	834	16	
835	26	835	16	
836	26	836	16	
837	25	837	15	
838	25	838	15	
839	25	839	15	
840	25	840	15	
841	25	841	15	
842	25	842	15	
843	25	843	14	
844	24	844	14	
845	24	845	14	
846	24	846	14	
847	24	847	14	
848	24	848	14	
849	24	849	13	
850	23	850	13	
851	23	851	13	
852	23	852	13	
853	23	853	13	
854	23	854	13	
855	23	855	13	
856	22	856	13	
857	22	857	13	
858	22	858	13	
859	22	859	13	
860	22	860	13	
861	22	861	13	
862	22	862	13	
863	21	863	13	
864	21	864	13	
865	21	865	13	
866	21	866	13	
867	21	867	13	
868	21	868	13	
869	21	869	12	
870	21	870	12	
871	21	871	12	
872	21	872	12	
873	21	873	12	
874	21	874	12	
875	20	875	11	
876	20	876	11	
877	20	877	11	
878	20	878	11	
879	20	879	11	
880	20	880	11	
881	20	881	10	
882	19	882	10	
883	19	883	10	
884	19	884	10	
885	19	885	10	
886	19	886	10	
887	18	887	10	
888	18	888	9	
889	18	889	9	
890	18	890	9	
891	17	891	9	
892	17	892	9	
893	17	893	8	
894	17	894	8	
895	17	895	8	
896	16	896	8	
897	16	897	7	
898	16	898	7	
899	16	899	7	
900	15	900	7	
901	15	901	6	
902	15	902	6	
903	15	903	6	
904	14	904	6	
905	14	905	6	
906	14	906	6	
907	14	907	6	
908	13	908	6	
909	13	909	6	
910	13	910	6	
911	13	911	6	
912	12	912	6	
913	12	913	6	
914	12	914	6	
915	12	915	6	
916	11	916	6	
917	11	917	6	
918	11	918	6	
919	11	919	5	
920	10	920	5	
921	10	921	5	
922	10	922	5	
923	10	923	5	
924	10	924	5	
925	9	925	5	
926	9	926	4	
927	9	927	4	
928	8	928	4	
929	8	929	4	
930	8	930	4	
931	8	931	3	
932	8	932	3	
933	7	933	3	
934	7	934	2	
935	7	935	2	
936	7	936	2	
937	6	937	2	
938	6	938	2	
939	6	939	1	
940	6	940	1	
941	6	941	1	
942	6	942	1	
943	6	943	1	
944	5	944	0	
945	5	945	0	
946	5	946	0	
947	5	947	0	
948	5	948	0	
949	5	949	0	
950	4	950	0	
951	4	951	0	
952	4	952	0	
953	4	953	0	
954	3	954	0	
955	3	955	0	
956	3	956	-1	
957	3	957	-1	
958	2	958	-1	
959	2	959	-1	
960	2	960	-1	
961	2	961	-1	
962	1	962	-2	
963	1	963	-2	
964	1	964	-2	
965	1	965	-2	
966	0	966	-2	
967	0	967	-2	
968	0	968	-3	
969	0	969	-3	
970	-1	970	-3	
971	-1	971	-3	
972	-1	972	-3	
973	-1	973	-3	
974	-1	974	-3	
975	-2	975	-4	
976	-2	976	-4	
977	-2	977	-4	
978	-2	978	-4	
979	-3	979	-4	
980	-3	980	-4	
981	-3	981	-5	
982	-3	982	-5	
983	-4	983	-5	
984	-4	984	-5	
985	-4	985	-5	
986	-4	986	-5	
987	-5	987	-6	
988	-5	988	-6	
989	-5	989	-6	
990	-5	990	-6	
991	-6	991	-6	
992	-6	992	-6	
993	-6	993	-6	
994	-6	994	-7	
995	-7	995	-7	
996	-7	996	-7	
997	-7	997	-7	
998	-7	998	-7	
999	-7	999	-7	
1000	-8	1000	-7	
1001	-8	1001	-7	
1002	-8	1002	-7	
1003	-8	1003	-7	
1004	-9	1004	-7	
1005	-9	1005	-7	
1006	-9	1006	-8	
1007	-9	1007	-8	
1008	-10	1008	-8	
1009	-10	1009	-8	
1010	-10	1010	-8	
1011	-10	1011	-8	
1012	-11	1012	-8	
1013	-11	1013	-9	
1014	-11	1014	-9	
1015	-12	1015	-9	
1016	-12	1016	-9	
1017	-12	1017	-9	
1018	-13	1018	-10	
1019	-13	1019	-10	
1020	-13	1020	-10	
1021	-14	1021	-10	
1022	-14	1022	-11	
1023	-14	1023	-11	
1024	-14	1024	-11	
1025	-15	1025	-11	
1026	-15	1026	-12	
1027	-15	1027	-12	
1028	-15	1028	-12	
1029	-15	1029	-12	
1030	-15	1030	-12	
1031	-15	1031	-13	
1032	-15	1032	-13	
1033	-15	1033	-13	
1034	-15	1034	-13	
1035	-15	1035	-13	
1036	-15	1036	-13	
1037	-16	1037	-13	
1038	-16	1038	-13	
1039	-16	1039	-13	
1040	-16	1040	-13	
1041	-16	1041	-13	
1042	-16	1042	-13	
1043	-16	1043	-13	
1044	-17	1044	-14	
1045	-17	1045	-14	
1046	-17	1046	-14	
1047	-17	1047	-14	
1048	-17	1048	-14	
1049	-17	1049	-14	
1050	-18	1050	-14	
1051	-18	1051	-14	
1052	-18	1052	-14	
1053	-18	1053	-14	
1054	-18	1054	-14	
1055	-18	1055	-14	
1056	-18	1056	-15	
1057	-19	1057	-15	
1058	-19	1058	-15	
1059	-19	1059	-15	
1060	-19	1060	-15	
1061	-19	1061	-15	
1062	-20	1062	-15	
1063	-20	1063	-15	
1064	-20	1064	-15	
1065	-20	1065	-15	
1066	-21	1066	-15	
1067	-21	1067	-15	
1068	-21	1068	-15	
1069	-21	1069	-15	
1070	-22	1070	-15	
1071	-22	1071	-15	
1072	-22	1072	-15	
1073	-22	1073	-15	
1074	-22	1074	-15	
1075	-23	1075	-15	
1076	-23	1076	-15	
1077	-23	1077	-15	
1078	-23	1078	-15	
1079	-23	1079	-15	
1080	-23	1080	-15	
1081	-24	1081	-16	
1082	-24	1082	-16	
1083	-24	1083	-16	
1084	-24	1084	-16	
1085	-24	1085	-16	
1086	-24	1086	-16	
1087	-25	1087	-16	
1088	-25	1088	-17	
1089	-25	1089	-17	
1090	-25	1090	-17	
1091	-25	1091	-17	
1092	-25	1092	-17	
1093	-26	1093	-18	
1094	-26	1094	-18	
1095	-26	1095	-18	
1096	-26	1096	-18	
1097	-26	1097	-18	
1098	-26	1098	-18	
1099	-26	1099	-19	
1100	-26	1100	-19	
1101	-26	1101	-19	
1102	-26	1102	-19	
1103	-26	1103	-19	
1104	-26	1104	-19	
1105	-26	1105	-19	
1106	-26	1106	-20	
1107	-26	1107	-20	
1108	-26	1108	-20	
1109	-26	1109	-20	
1110	-26	1110	-20	
1111	-26	1111	-20	
1112	-26	1112	-20	
1113	-27	1113	-20	
1114	-27	1114	-20	
1115	-27	1115	-20	
1116	-27	1116	-20	
1117	-27	1117	-20	
1118	-27	1118	-20	
1119	-27	1119	-21	
1120	-28	1120	-21	
1121	-28	1121	-21	
1122	-28	1122	-21	
1123	-28	1123	-21	
1124	-29	1124	-21	
1125	-29	1125	-21	
1126	-29	1126	-21	
1127	-29	1127	-21	
1128	-30	1128	-21	
1129	-30	1129	-21	
1130	-30	1130	-21	
1131	-30	1131	-21	
1132	-31	1132	-21	
1133	-31	1133	-21	
1134	-31	1134	-21	
1135	-31	1135	-21	
1136	-31	1136	-21	
1137	-31	1137	-21	
1138	-31	1138	-21	
1139	-32	1139	-21	
1140	-32	1140	-21	
1141	-32	1141	-21	
1142	-32	1142	-21	
1143	-31	1143	-21	
1144	-31	1144	-21	
1145	-31	1145	-21	
1146	-31	1146	-21	
1147	-31	1147	-21	
1148	-31	1148	-21	
1149	-31	1149	-21	
1150	-31	1150	-21	
1151	-32	1151	-21	
1152	-32	1152	-21	
1153	-32	1153	-21	
1154	-32	1154	-21	
1155	-32	1155	-21	
1156	-32	1156	-21	
1157	-32	1157	-22	
1158	-32	1158	-22	
1159	-32	1159	-22	
1160	-32	1160	-22	
1161	-32	1161	-22	
1162	-32	1162	-22	
1163	-33	1163	-22	
1164	-33	1164	-22	
1165	-33	1165	-22	
1166	-33	1166	-22	
1167	-33	1167	-22	
1168	-33	1168	-22	
1169	-33	1169	-22	
1170	-33	1170	-22	
1171	-33	1171	-22	
1172	-33	1172	-22	
1173	-33	1173	-22	
1174	-33	1174	-22	
1175	-33	1175	-22	
1176	-33	1176	-22	
1177	-33	1177	-22	
1178	-33	1178	-22	
1179	-33	1179	-21	
1180	-33	1180	-21	
1181	-33	1181	-21	
1182	-33	1182	-21	
1183	-33	1183	-21	
1184	-33	1184	-21	
1185	-32	1185	-21	
1186	-32	1186	-20	
1187	-32	1187	-20	
1188	-32	1188	-20	
1189	-32	1189	-20	
1190	-32	1190	-20	
1191	-32	1191	-20	
1192	-32	1192	-19	
1193	-32	1193	-19	
1194	-32	1194	-19	
1195	-32	1195	-19	
1196	-32	1196	-19	
1197	-32	1197	-19	
1198	-32	1198	-19	
1199	-32	1199	-19	
1200	-32	1200	-19	
1201	-33	1201	-18	
1202	-33	1202	-18	
1203	-33	1203	-18	
1204	-33	1204	-18	
1205	-33	1205	-18	
1206	-33	1206	-18	
1207	-33	1207	-19	
1208	-33	1208	-19	
1209	-33	1209	-19	
1210	-33	1210	-19	
1211	-33	1211	-19	
1212	-33	1212	-19	
1213	-33	1213	-19	
1214	-33	1214	-19	
1215	-33	1215	-19	
1216	-33	1216	-19	
1217	-33	1217	-19	
1218	-33	1218	-19	
1219	-33	1219	-19	
1220	-33	1220	-19	
1221	-33	1221	-19	
1222	-32	1222	-20	
1223	-32	1223	-20	
1224	-32	1224	-20	
1225	-32	1225	-20	
1226	-32	1226	-19	
1227	-32	1227	-19	
1228	-32	1228	-19	
1229	-32	1229	-19	
1230	-32	1230	-19	
1231	-32	1231	-19	
1232	-32	1232	-19	
1233	-32	1233	-19	
1234	-32	1234	-19	
1235	-32	1235	-19	
1236	-32	1236	-19	
1237	-32	1237	-19	
1238	-32	1238	-19	
1239	-32	1239	-19	
1240	-32	1240	-19	
1241	-33	1241	-18	
1242	-33	1242	-18	
1243	-33	1243	-18	
1244	-33	1244	-18	
1245	-32	1245	-18	
1246	-32	1246	-18	
1247	-32	1247	-18	
1248	-32	1248	-18	
1249	-32	1249	-18	
1250	-32	1250	-18	
1251	-32	1251	-18	
1252	-32	1252	-18	
1253	-32	1253	-17	
1254	-32	1254	-17	
1255	-31	1255	-17	
1256	-31	1256	-17	
1257	-31	1257	-17	
1258	-31	1258	-17	
1259	-31	1259	-17	
1260	-31	1260	-17	
1261	-30	1261	-17	
1262	-30	1262	-17	
1263	-30	1263	-17	
1264	-30	1264	-17	
1265	-30	1265	-17	
1266	-29	1266	-16	
1267	-29	1267	-16	
1268	-29	1268	-16	
1269	-29	1269	-16	
1270	-29	1270	-16	
1271	-29	1271	-16	
1272	-29	1272	-16	
1273	-28	1273	-15	
1274	-28	1274	-15	
1275	-28	1275	-15	
1276	-28	1276	-15	
1277	-28	1277	-15	
1278	-28	1278	-15	
1279	-28	1279	-14	
1280	-28	1280	-14	
1281	-28	1281	-14	
1282	-28	1282	-14	
1283	-28	1283	-14	
1284	-28	1284	-14	
1285	-28	1285	-14	
1286	-28	1286	-14	
1287	-28	1287	-14	
1288	-28	1288	-14	
1289	-28	1289	-14	
1290	-28	1290	-14	
1291	-28	1291	-13	
1292	-28	1292	-13	
1293	-27	1293	-13	
1294	-27	1294	-13	
1295	-27	1295	-13	
1296	-27	1296	-13	
1297	-27	1297	-13	
1298	-26	1298	-12	
1299	-26	1299	-12	
1300	-26	1300	-12	
1301	-26	1301	-12	
1302	-26	1302	-12	
1303	-25	1303	-12	
1304	-25	1304	-11	
1305	-25	1305	-11	
1306	-25	1306	-11	
1307	-24	1307	-11	
1308	-24	1308	-11	
1309	-24	1309	-11	
1310	-24	1310	-10	
1311	-23	1311	-10	
1312	-23	1312	-10	
1313	-23	1313	-10	
1314	-23	1314	-10	
1315	-23	1315	-10	
1316	-23	1316	-10	
1317	-22	1317	-9	
1318	-22	1318	-9	
1319	-22	1319	-9	
1320	-22	1320	-9	
1321	-22	1321	-9	
1322	-22	1322	-9	
1323	-21	1323	-9	
1324	-21	1324	-9	
1325	-21	1325	-9	
1326	-21	1326	-9	
1327	-21	1327	-9	
1328	-21	1328	-9	
1329	-20	1329	-8	
1330	-20	1330	-8	
1331	-20	1331	-8	
1332	-20	1332	-8	
1333	-20	1333	-8	
1334	-20	1334	-8	
1335	-20	1335	-8	
1336	-19	1336	-7	
1337	-19	1337	-7	
1338	-19	1338	-7	
1339	-19	1339	-7	
1340	-19	1340	-7	
1341	-19	1341	-7	
1342	-18	1342	-6	
1343	-18	1343	-6	
1344	-18	1344	-6	
1345	-18	1345	-6	
1346	-18	1346	-6	
1347	-18	1347	-6	
1348	-17	1348	-6	
1349	-17	1349	-6	
1350	-17	1350	-6	
1351	-17	1351	-6	
1352	-17	1352	-6	
1353	-16	1353	-6	
1354	-16	1354	-5	
1355	-16	1355	-5	
1356	-16	1356	-5	
1357	-15	1357	-5	
1358	-15	1358	-5	
1359	-15	1359	-4	
1360	-15	1360	-4	
1361	-14	1361	-4	
1362	-14	1362	-4	
1363	-14	1363	-3	
1364	-14	1364	-3	
1365	-14	1365	-3	
1366	-14	1366	-3	
1367	-13	1367	-2	
1368	-13	1368	-2	
1369	-13	1369	-2	
1370	-13	1370	-2	
1371	-13	1371	-2	
1372	-13	1372	-1	
1373	-12	1373	-1	
1374	-12	1374	-1	
1375	-12	1375	-1	
1376	-12	1376	-1	
1377	-12	1377	-1	
1378	-11	1378	-1	
1379	-11	1379	0	
1380	-11	1380	0	
1381	-11	1381	0	
1382	-10	1382	0	
1383	-10	1383	0	
1384	-10	1384	0	
1385	-10	1385	0	
1386	-9	1386	0	
1387	-9	1387	0	
1388	-9	1388	0	
1389	-9	1389	0	
1390	-8	1390	0	
1391	-8	1391	1	
1392	-8	1392	1	
1393	-8	1393	1	
1394	-7	1394	1	
1395	-7	1395	1	
1396	-7	1396	1	
1397	-7	1397	1	
1398	-6	1398	1	
1399	-6	1399	1	
1400	-6	1400	1	
1401	-6	1401	1	
1402	-5	1402	1	
1403	-5	1403	1	
1404	-5	1404	2	
1405	-5	1405	2	
1406	-5	1406	2	
1407	-4	1407	2	
1408	-4	1408	2	
1409	-4	1409	2	
1410	-4	1410	2	
1411	-3	1411	3	
1412	-3	1412	3	
1413	-3	1413	3	
1414	-3	1414	3	
1415	-3	1415	3	
1416	-3	1416	3	
1417	-2	1417	4	
1418	-2	1418	4	
1419	-2	1419	4	
1420	-2	1420	4	
1421	-2	1421	4	
1422	-2	1422	4	
1423	-1	1423	5	
1424	-1	1424	5	
1425	-1	1425	5	
1426	-1	1426	5	
1427	-1	1427	5	
1428	-1	1428	5	
1429	-1	1429	6	
1430	0	1430	6	
1431	0	1431	6	
1432	0	1432	6	
1433	0	1433	6	
1434	0	1434	6	
1435	0	1435	7	
1436	1	1436	7	
1437	1	1437	7	
1438	1	1438	7	
1439	1	1439	7	
1440	1	1440	7	
1441	2	1441	7	
1442	2	1442	8	
1443	2	1443	8	
1444	2	1444	8	
1445	3	1445	8	
1446	3	1446	8	
1447	3	1447	8	
1448	3	1448	8	
1449	4	1449	8	
1450	4	1450	8	
1451	4	1451	8	
1452	5	1452	8	
1453	5	1453	8	
1454	5	1454	9	
1455	6	1455	9	
1456	6	1456	9	
1457	6	1457	9	
1458	7	1458	9	
1459	7	1459	9	
1460	7	1460	9	
1461	8	1461	10	
1462	8	1462	10	
1463	8	1463	10	
1464	8	1464	10	
1465	8	1465	10	
1466	8	1466	10	
1467	9	1467	11	
1468	9	1468	11	
1469	9	1469	11	
1470	9	1470	11	
1471	9	1471	11	
1472	9	1472	11	
1473	10	1473	11	
1474	10	1474	11	
1475	10	1475	11	
1476	10	1476	11	
1477	10	1477	11	
1478	11	1478	12	
1479	11	1479	12	
1480	11	1480	12	
1481	11	1481	12	
1482	12	1482	12	
1483	12	1483	12	
1484	12	1484	12	
1485	12	1485	12	
1486	13	1486	12	
1487	13	1487	12	
1488	13	1488	12	
1489	13	1489	12	
1490	14	1490	12	
1491	14	1491	13	
1492	14	1492	13	
1493	14	1493	13	
1494	15	1494	13	
1495	15	1495	13	
1496	15	1496	13	
1497	15	1497	13	
1498	16	1498	13	
1499	16	1499	13	
1500	16	1500	13	
1501	16	1501	13	
1502	16	1502	13	
1503	16	1503	13	
1504	17	1504	14	
1505	17	1505	14	
1506	17	1506	14	
1507	17	1507	14	
1508	17	1508	14	
1509	17	1509	14	
1510	17	1510	14	
1511	18	1511	15	
1512	18	1512	15	
1513	18	1513	15	
1514	18	1514	15	
1515	19	1515	15	
1516	19	1516	15	
1517	19	1517	16	
1518	19	1518	16	
1519	20	1519	16	
1520	20	1520	16	
1521	20	1521	16	
1522	20	1522	16	
1523	21	1523	17	
1524	21	1524	17	
1525	21	1525	17	
1526	21	1526	17	
1527	21	1527	17	
1528	21	1528	17	
1529	21	1529	18	
1530	21	1530	18	
1531	21	1531	18	
1532	21	1532	18	
1533	21	1533	18	
1534	21	1534	18	
1535	22	1535	18	
1536	22	1536	18	
1537	22	1537	18	
1538	22	1538	18	
1539	22	1539	18	
1540	22	1540	18	
1541	22	1541	19	
1542	23	1542	19	
1543	23	1543	19	
1544	23	1544	19	
1545	23	1545	19	
1546	23	1546	19	
1547	23	1547	19	
1548	24	1548	20	
1549	24	1549	20	
1550	24	1550	20	
1551	24	1551	20	
1552	24	1552	20	
1553	24	1553	20	
1554	24	1554	21	
1555	24	1555	21	
1556	24	1556	21	
1557	24	1557	21	
1558	24	1558	21	
1559	24	1559	21	
1560	25	1560	21	
1561	25	1561	21	
1562	25	1562	21	
1563	25	1563	21	
1564	25	1564	21	
1565	25	1565	21	
1566	25	1566	22	
1567	26	1567	22	
1568	26	1568	22	
1569	26	1569	22	
1570	26	1570	22	
1571	26	1571	22	
1572	26	1572	22	
1573	27	1573	22	
1574	27	1574	22	
1575	27	1575	22	
1576	27	1576	22	
1577	27	1577	22	
1578	27	1578	23	
1579	28	1579	23	
1580	28	1580	23	
1581	28	1581	23	
1582	28	1582	23	
1583	28	1583	23	
1584	28	1584	23	
1585	28	1585	23	
1586	29	1586	23	
1587	29	1587	23	
1588	29	1588	23	
1589	29	1589	23	
1590	29	1590	23	
1591	29	1591	23	
1592	29	1592	23	
1593	29	1593	23	
1594	29	1594	23	
1595	29	1595	23	
1596	30	1596	23	
1597	30	1597	23	
1598	30	1598	23	
1599	30	1599	23	
1600	30	1600	23	
1601	30	1601	23	
1602	30	1602	23	
1603	30	1603	24	
1604	30	1604	24	
1605	30	1605	24	
1606	30	1606	24	
1607	30	1607	24	
1608	30	1608	24	
1609	30	1609	24	
1610	30	1610	24	
1611	30	1611	24	
1612	30	1612	24	
1613	30	1613	24	
1614	30	1614	24	
1615	30	1615	24	
1616	29	1616	24	
1617	29	1617	24	
1618	29	1618	24	
1619	29	1619	24	
1620	30	1620	23	
1621	30	1621	23	
1622	30	1622	23	
1623	30	1623	23	
1624	30	1624	23	
1625	30	1625	23	
1626	30	1626	23	
1627	30	1627	23	
1628	30	1628	23	
1629	30	1629	23	
1630	31	1630	23	
1631	31	1631	22	
1632	31	1632	22	
1633	31	1633	22	
1634	31	1634	22	
1635	31	1635	22	
1636	32	1636	22	
1637	32	1637	22	
1638	32	1638	22	
1639	32	1639	22	
1640	32	1640	22	
1641	32	1641	22	
1642	32	1642	22	
1643	32	1643	22	
1644	32	1644	22	
1645	33	1645	22	
1646	33	1646	22	
1647	33	1647	22	
1648	33	1648	22	
1649	33	1649	22	
1650	33	1650	22	
1651	33	1651	22	
1652	32	1652	22	
1653	32	1653	23	
1654	32	1654	23	
1655	32	1655	23	
1656	32	1656	23	
1657	32	1657	22	
1658	32	1658	22	
1659	32	1659	22	
1660	32	1660	22	
1661	32	1661	22	
1662	32	1662	22	
1663	31	1663	22	
1664	31	1664	22	
1665	31	1665	22	
1666	31	1666	22	
1667	31	1667	22	
1668	31	1668	22	
1669	31	1669	22	
1670	31	1670	22	
1671	31	1671	22	
1672	31	1672	22	
1673	31	1673	22	
1674	31	1674	22	
1675	31	1675	22	
1676	31	1676	22	
1677	31	1677	22	
1678	31	1678	22	
1679	31	1679	22	
1680	31	1680	22	
1681	31	1681	22	
1682	31	1682	21	
1683	31	1683	21	
1684	32	1684	21	
1685	32	1685	21	
1686	32	1686	21	
1687	32	1687	21	
1688	32	1688	21	
1689	31	1689	21	
1690	31	1690	21	
1691	31	1691	21	
1692	31	1692	21	
1693	31	1693	21	
1694	31	1694	20	
1695	31	1695	20	
1696	31	1696	20	
1697	31	1697	20	
1698	31	1698	20	
1699	31	1699	20	
1700	31	1700	20	
1701	31	1701	20	
1702	31	1702	20	
1703	31	1703	20	
1704	31	1704	20	
1705	31	1705	20	
1706	31	1706	20	
1707	31	1707	19	
1708	31	1708	19	
1709	31	1709	19	
1710	31	1710	19	
1711	31	1711	19	
1712	31	1712	19	
1713	30	1713	19	
1714	30	1714	19	
1715	30	1715	19	
1716	30	1716	19	
1717	30	1717	19	
1718	30	1718	19	
1719	29	1719	18	
1720	29	1720	18	
1721	29	1721	18	
1722	29	1722	18	
1723	29	1723	18	
1724	29	1724	18	
1725	28	1725	18	
1726	28	1726	18	
1727	28	1727	18	
1728	28	1728	18	
1729	28	1729	18	
1730	28	1730	18	
1731	28	1731	17	
1732	28	1732	17	
1733	28	1733	17	
1734	28	1734	17	
1735	28	1735	17	
1736	28	1736	17	
1737	28	1737	16	
1738	28	1738	16	
1739	27	1739	16	
1740	27	1740	16	
1741	27	1741	16	
1742	27	1742	16	
1743	27	1743	16	
1744	27	1744	15	
1745	27	1745	15	
1746	27	1746	15	
1747	27	1747	15	
1748	27	1748	15	
1749	27	1749	15	
1750	26	1750	15	
1751	26	1751	15	
1752	26	1752	15	
1753	26	1753	15	
1754	25	1754	15	
1755	25	1755	15	
1756	25	1756	15	
1757	25	1757	15	
1758	24	1758	15	
1759	24	1759	15	
1760	24	1760	15	
1761	24	1761	15	
1762	23	1762	15	
1763	23	1763	15	
1764	23	1764	15	
1765	23	1765	15	
1766	23	1766	15	
1767	23	1767	15	
1768	22	1768	15	
1769	22	1769	15	
1770	22	1770	14	
1771	22	1771	14	
1772	22	1772	14	
1773	22	1773	14	
1774	22	1774	14	
1775	21	1775	14	
1776	21	1776	14	
1777	21	1777	14	
1778	21	1778	14	
1779	21	1779	14	
1780	21	1780	14	
1781	20	1781	13	
1782	20	1782	13	
1783	20	1783	13	
1784	20	1784	13	
1785	20	1785	13	
1786	20	1786	13	
1787	19	1787	13	
1788	19	1788	12	
1789	19	1789	12	
1790	19	1790	12	
1791	19	1791	12	
1792	19	1792	12	
1793	19	1793	11	
1794	18	1794	11	
1795	18	1795	11	
1796	18	1796	11	
1797	18	1797	10	
1798	18	1798	10	
1799	18	1799	10	
1800	17	1800	10	
1801	17	1801	9	
1802	17	1802	9	
1803	17	1803	9	
1804	17	1804	9	
1805	17	1805	9	
1806	17	1806	8	
1807	16	1807	8	
1808	16	1808	8	
1809	16	1809	8	
1810	16	1810	8	
1811	16	1811	7	
1812	15	1812	7	
1813	15	1813	7	
1814	15	1814	7	
1815	15	1815	7	
1816	14	1816	7	
1817	14	1817	7	
1818	14	1818	7	
1819	14	1819	6	
1820	14	1820	6	
1821	13	1821	6	
1822	13	1822	6	
1823	13	1823	6	
1824	13	1824	6	
1825	12	1825	6	
1826	12	1826	6	
1827	12	1827	6	
1828	12	1828	6	
1829	11	1829	6	
1830	11	1830	6	
1831	11	1831	5	
1832	11	1832	5	
1833	10	1833	5	
1834	10	1834	5	
1835	10	1835	4	
1836	10	1836	4	
1837	9	1837	4	
1838	9	1838	4	
1839	9	1839	3	
1840	9	1840	3	
1841	8	1841	3	
1842	8	1842	3	
1843	8	1843	2	
1844	8	1844	2	
1845	7	1845	2	
1846	7	1846	2	
1847	7	1847	2	
1848	7	1848	2	
1849	7	1849	1	
1850	6	1850	1	
1851	6	1851	1	
1852	6	1852	1	
1853	6	1853	1	
1854	6	1854	1	
1855	6	1855	1	
1856	5	1856	0	
1857	5	1857	0	
1858	5	1858	0	
1859	5	1859	0	
1860	5	1860	0	
1861	5	1861	0	
1862	4	1862	0	
1863	4	1863	0	
1864	4	1864	0	
1865	4	1865	0	
1866	4	1866	0	
1867	4	1867	0	
1868	4	1868	-1	
1869	3	1869	-1	
1870	3	1870	-1	
1871	3	1871	-1	
1872	3	1872	-1	
1873	3	1873	-1	
1874	2	1874	-2	
1875	2	1875	-2	
1876	2	1876	-2	
1877	2	1877	-2	
1878	1	1878	-2	
1879	1	1879	-2	
1880	1	1880	-2	
1881	0	1881	-3	
1882	0	1882	-3	
1883	0	1883	-3	
1884	-1	1884	-3	
1885	-1	1885	-3	
1886	-1	1886	-3	
1887	-2	1887	-3	
1888	-2	1888	-3	
1889	-2	1889	-3	
1890	-2	1890	-3	
1891	-2	1891	-3	
1892	-2	1892	-3	
1893	-2	1893	-3	
1894	-3	1894	-3	
1895	-3	1895	-4	
1896	-3	1896	-4	
1897	-3	1897	-4	
1898	-3	1898	-4	
1899	-4	1899	-4	
1900	-4	1900	-4	
1901	-4	1901	-4	
1902	-4	1902	-4	
1903	-5	1903	-4	
1904	-5	1904	-4	
1905	-5	1905	-4	
1906	-6	1906	-5	
1907	-6	1907	-5	
1908	-6	1908	-5	
1909	-7	1909	-5	
1910	-7	1910	-6	
1911	-7	1911	-6	
1912	-8	1912	-6	
1913	-8	1913	-6	
1914	-8	1914	-7	
1915	-8	1915	-7	
1916	-8	1916	-7	
1917	-8	1917	-7	
1918	-9	1918	-8	
1919	-9	1919	-8	
1920	-9	1920	-8	
1921	-9	1921	-8	
1922	-9	1922	-8	
1923	-9	1923	-8	
1924	-9	1924	-9	
1925	-10	1925	-9	
1926	-10	1926	-9	
1927	-10	1927	-9	
1928	-10	1928	-9	
1929	-11	1929	-9	
1930	-11	1930	-9	
1931	-11	1931	-10	
1932	-11	1932	-10	
1933	-12	1933	-10	
1934	-12	1934	-10	
1935	-12	1935	-10	
1936	-12	1936	-10	
1937	-13	1937	-10	
1938	-13	1938	-10	
1939	-13	1939	-10	
1940	-13	1940	-10	
1941	-13	1941	-10	
1942	-13	1942	-10	
1943	-13	1943	-11	
1944	-14	1944	-11	
1945	-14	1945	-11	
1946	-14	1946	-11	
1947	-14	1947	-11	
1948	-14	1948	-11	
1949	-14	1949	-12	
1950	-15	1950	-12	
1951	-15	1951	-12	
1952	-15	1952	-12	
1953	-15	1953	-12	
1954	-16	1954	-12	
1955	-16	1955	-12	
1956	-16	1956	-13	
1957	-16	1957	-13	
1958	-17	1958	-13	
1959	-17	1959	-13	
1960	-17	1960	-13	
1961	-17	1961	-13	
1962	-18	1962	-13	
1963	-18	1963	-13	
1964	-18	1964	-13	
1965	-18	1965	-13	
1966	-18	1966	-13	
1967	-18	1967	-13	
1968	-19	1968	-13	
1969	-19	1969	-14	
1970	-19	1970	-14	
1971	-19	1971	-14	
1972	-19	1972	-14	
1973	-19	1973	-14	
1974	-19	1974	-14	
1975	-20	1975	-14	
1976	-20	1976	-14	
1977	-20	1977	-14	
1978	-20	1978	-14	
1979	-20	1979	-14	
1980	-20	1980	-14	
1981	-21	1981	-15	
1982	-21	1982	-15	
1983	-21	1983	-15	
1984	-21	1984	-15	
1985	-21	1985	-15	
1986	-21	1986	-15	
1987	-22	1987	-16	
1988	-22	1988	-16	
1989	-22	1989	-16	
1990	-22	1990	-16	
1991	-22	1991	-16	
1992	-22	1992	-16	
1993	-23	1993	-16	
1994	-23	1994	-17	
1995	-23	1995	-17	
1996	-23	1996	-17	
1997	-23	1997	-17	
1998	-23	1998	-17	
1999	-23	1999	-17	
2000	-24	2000	-17	
2001	-24	2001	-17	
2002	-24	2002	-17	
2003	-24	2003	-17	
2004	-24	2004	-17	
2005	-24	2005	-17	
2006	-24	2006	-17	
2007	-24	2007	-17	
2008	-24	2008	-17	
2009	-24	2009	-17	
2010	-24	2010	-17	
2011	-24	2011	-17	
2012	-25	2012	-17	
2013	-25	2013	-17	
2014	-25	2014	-17	
2015	-25	2015	-17	
2016	-25	2016	-17	
2017	-25	2017	-17	
2018	-26	2018	-17	
2019	-26	2019	-18	
2020	-26	2020	-18	
2021	-26	2021	-18	
2022	-26	2022	-18	
2023	-26	2023	-18	
2024	-26	2024	-18	
2025	-27	2025	-18	
2026	-27	2026	-18	
2027	-27	2027	-18	
2028	-27	2028	-18	
2029	-27	2029	-18	
2030	-27	2030	-18	
2031	-27	2031	-18	
2032	-27	2032	-18	
2033	-27	2033	-18	
2034	-27	2034	-18	
2035	-27	2035	-18	
2036	-27	2036	-18	
2037	-28	2037	-18	
2038	-28	2038	-18	
2039	-28	2039	-18	
2040	-28	2040	-18	
2041	-28	2041	-18	
2042	-28	2042	-18	
2043	-28	2043	-18	
2044	-29	2044	-18	
2045	-29	2045	-19	
2046	-29	2046	-19	
2047	-29	2047	-19	
2048	-29	2048	-19	
2049	-29	2049	-19	
2050	-30	2050	-19	
2051	-30	2051	-19	
2052	-30	2052	-19	
2053	-30	2053	-19	
2054	-30	2054	-19	
2055	-30	2055	-19	
2056	-31	2056	-20	
2057	-31	2057	-20	
2058	-31	2058	-20	
2059	-31	2059	-20	
2060	-31	2060	-20	
2061	-31	2061	-20	
2062	-31	2062	-20	
2063	-32	2063	-20	
2064	-32	2064	-20	
2065	-32	2065	-20	
2066	-32	2066	-20	
2067	-32	2067	-20	
2068	-32	2068	-20	
2069	-32	2069	-20	
2070	-32	2070	-20	
2071	-32	2071	-20	
2072	-32	2072	-20	
2073	-32	2073	-20	
2074	-32	2074	-20	
2075	-32	2075	-20	
2076	-32	2076	-20	
2077	-32	2077	-20	
2078	-32	2078	-19	
2079	-32	2079	-19	
2080	-32	2080	-19	
2081	-32	2081	-19	
2082	-32	2082	-20	
2083	-32	2083	-20	
2084	-32	2084	-20	
2085	-32	2085	-20	
2086	-32	2086	-20	
2087	-32	2087	-20	
2088	-33	2088	-20	
2089	-33	2089	-20	
2090	-33	2090	-20	
2091	-33	2091	-20	
2092	-33	2092	-20	
2093	-33	2093	-20	
2094	-33	2094	-20	
2095	-33	2095	-20	
2096	-33	2096	-20	
2097	-33	2097	-20	
2098	-33	2098	-20	
2099	-33	2099	-20	
2100	-33	2100	-20	
2101	-33	2101	-20	
2102	-33	2102	-20	
2103	-33	2103	-20	
2104	-33	2104	-19	
2105	-33	2105	-19	
2106	-33	2106	-19	
2107	-33	2107	-19	
2108	-33	2108	-19	
2109	-33	2109	-19	
2110	-32	2110	-19	
2111	-32	2111	-19	
2112	-32	2112	-19	
2113	-32	2113	-19	
2114	-32	2114	-18	
2115	-32	2115	-18	
2116	-32	2116	-18	
2117	-32	2117	-18	
2118	-32	2118	-18	
2119	-32	2119	-18	
2120	-32	2120	-19	
2121	-31	2121	-19	
2122	-31	2122	-19	
2123	-31	2123	-19	
2124	-31	2124	-19	
2125	-31	2125	-19	
2126	-32	2126	-19	
2127	-32	2127	-19	
2128	-32	2128	-19	
2129	-32	2129	-19	
2130	-32	2130	-19	
2131	-32	2131	-19	
2132	-32	2132	-20	
2133	-32	2133	-20	
2134	-32	2134	-20	
2135	-32	2135	-20	
2136	-32	2136	-20	
2137	-32	2137	-20	
2138	-32	2138	-20	
2139	-32	2139	-20	
2140	-32	2140	-19	
2141	-32	2141	-19	
2142	-32	2142	-19	
2143	-32	2143	-19	
2144	-32	2144	-19	
2145	-32	2145	-19	
2146	-32	2146	-19	
2147	-31	2147	-19	
2148	-31	2148	-18	
2149	-31	2149	-18	
2150	-31	2150	-18	
2151	-31	2151	-18	
2152	-31	2152	-18	
2153	-31	2153	-18	
2154	-31	2154	-17	
2155	-31	2155	-17	
2156	-31	2156	-17	
2157	-31	2157	-17	
2158	-31	2158	-17	
2159	-31	2159	-17	
2160	-31	2160	-17	
2161	-31	2161	-17	
2162	-31	2162	-17	
2163	-31	2163	-17	
2164	-31	2164	-17	
2165	-31	2165	-17	
2166	-31	2166	-17	
2167	-31	2167	-17	
2168	-31	2168	-17	
2169	-31	2169	-17	
2170	-31	2170	-17	
2171	-31	2171	-17	
2172	-31	2172	-17	
2173	-30	2173	-17	
2174	-30	2174	-17	
2175	-30	2175	-17	
2176	-30	2176	-17	
2177	-30	2177	-17	
2178	-30	2178	-16	
2179	-30	2179	-16	
2180	-30	2180	-16	
2181	-30	2181	-16	
2182	-30	2182	-16	
2183	-30	2183	-16	
2184	-30	2184	-16	
2185	-29	2185	-16	
2186	-29	2186	-16	
2187	-29	2187	-16	
2188	-29	2188	-16	
2189	-29	2189	-16	
2190	-29	2190	-16	
2191	-29	2191	-16	
2192	-29	2192	-16	
2193	-29	2193	-16	
2194	-29	2194	-16	
2195	-29	2195	-16	
2196	-29	2196	-16	
2197	-29	2197	-16	
2198	-28	2198	-16	
2199	-28	2199	-16	
2200	-28	2200	-16	
2201	-28	2201	-16	
2202	-28	2202	-16	
2203	-28	2203	-16	
2204	-28	2204	-15	
2205	-27	2205	-15	
2206	-27	2206	-15	
2207	-27	2207	-15	
2208	-27	2208	-15	
2209	-27	2209	-14	
2210	-27	2210	-14	
2211	-26	2211	-14	
2212	-26	2212	-13	
2213	-26	2213	-13	
2214	-26	2214	-13	
2215	-25	2215	-13	
2216	-25	2216	-13	
2217	-25	2217	-12	
2218	-25	2218	-12	
2219	-24	2219	-12	
2220	-24	2220	-12	
2221	-24	2221	-12	
2222	-24	2222	-12	
2223	-23	2223	-12	
2224	-23	2224	-12	
2225	-23	2225	-12	
2226	-23	2226	-12	
2227	-23	2227	-12	
2228	-23	2228	-12	
2229	-23	2229	-12	
2230	-23	2230	-12	
2231	-23	2231	-12	
2232	-23	2232	-12	
2233	-23	2233	-12	
2234	-23	2234	-12	
2235	-23	2235	-12	
2236	-23	2236	-11	
2237	-23	2237	-11	
2238	-23	2238	-11	
2239	-23	2239	-11	
2240	-23	2240	-11	
2241	-23	2241	-11	
2242	-23	2242	-10	
2243	-22	2243	-10	
2244	-22	2244	-10	
2245	-22	2245	-10	
2246	-22	2246	-10	
2247	-22	2247	-10	
2248	-21	2248	-10	
2249	-21	2249	-10	
2250	-21	2250	-10	
2251	-21	2251	-10	
2252	-21	2252	-10	
2253	-20	2253	-10	
2254	-20	2254	-9	
2255	-20	2255	-9	
2256	-20	2256	-9	
2257	-19	2257	-9	
2258	-19	2258	-9	
2259	-19	2259	-9	
2260	-19	2260	-9	
2261	-18	2261	-8	
2262	-18	2262	-8	
2263	-18	2263	-8	
2264	-18	2264	-8	
2265	-17	2265	-8	
2266	-17	2266	-8	
2267	-17	2267	-7	
2268	-17	2268	-7	
2269	-16	2269	-7	
2270	-16	2270	-7	
2271	-16	2271	-7	
2272	-16	2272	-7	
2273	-15	2273	-6	
2274	-15	2274	-6	
2275	-15	2275	-6	
2276	-15	2276	-6	
2277	-15	2277	-6	
2278	-14	2278	-6	
2279	-14	2279	-5	
2280	-14	2280	-5	
2281	-14	2281	-5	
2282	-13	2282	-5	
2283	-13	2283	-5	
2284	-13	2284	-5	
2285	-13	2285	-5	
2286	-12	2286	-4	
2287	-12	2287	-4	
2288	-12	2288	-4	
2289	-12	2289	-4	
2290	-11	2290	-4	
2291	-11	2291	-4	
2292	-11	2292	-3	
2293	-11	2293	-3	
2294	-10	2294	-3	
2295	-10	2295	-3	
2296	-10	2296	-2	
2297	-10	2297	-2	
2298	-9	2298	-2	
2299	-9	2299	-2	
2300	-9	2300	-1	
2301	-9	2301	-1	
2302	-8	2302	-1	
2303	-8	2303	-1	
2304	-8	2304	0	
2305	-8	2305	0	
2306	-8	2306	0	
2307	-7	2307	0	
2308	-7	2308	0	
2309	-7	2309	0	
2310	-7	2310	1	
2311	-6	2311	1	
2312	-6	2312	1	
2313	-6	2313	1	
2314	-6	2314	1	
2315	-6	2315	1	
2316	-6	2316	1	
2317	-5	2317	2	
2318	-5	2318	2	
2319	-5	2319	2	
2320	-5	2320	2	
2321	-5	2321	2	
2322	-5	2322	2	
2323	-4	2323	3	
2324	-4	2324	3	
2325	-4	2325	3	
2326	-4	2326	3	
2327	-4	2327	3	
2328	-4	2328	3	
2329	-4	2329	4	
2330	-3	2330	4	
2331	-3	2331	4	
2332	-3	2332	4	
2333	-3	2333	4	
2334	-3	2334	4	
2335	-3	2335	4	
2336	-2	2336	4	
2337	-2	2337	4	
2338	-2	2338	4	
2339	-2	2339	4	
2340	-1	2340	4	
2341	-1	2341	5	
2342	-1	2342	5	
2343	-1	2343	5	
2344	-1	2344	5	
2345	0	2345	5	
2346	0	2346	5	
2347	0	2347	5	
2348	1	2348	6	
2349	1	2349	6	
2350	1	2350	6	
2351	1	2351	6	
2352	2	2352	6	
2353	2	2353	6	
2354	2	2354	7	
2355	2	2355	7	
2356	2	2356	7	
2357	3	2357	7	
2358	3	2358	7	
2359	3	2359	7	
2360	3	2360	8	
2361	4	2361	8	
2362	4	2362	8	
2363	4	2363	8	
2364	4	2364	8	
2365	4	2365	8	
2366	4	2366	8	
2367	5	2367	9	
2368	5	2368	9	
2369	5	2369	9	
2370	5	2370	9	
2371	5	2371	9	
2372	5	2372	9	
2373	6	2373	10	
2374	6	2374	10	
2375	6	2375	10	
2376	6	2376	10	
2377	6	2377	10	
2378	7	2378	10	
2379	7	2379	11	
2380	7	2380	11	
2381	7	2381	11	
2382	8	2382	11	
2383	8	2383	11	
2384	8	2384	11	
2385	8	2385	11	
2386	9	2386	11	
2387	9	2387	11	
2388	9	2388	11	
2389	9	2389	11	
2390	10	2390	12	
2391	10	2391	12	
2392	10	2392	12	
2393	10	2393	12	
2394	11	2394	12	
2395	11	2395	12	
2396	11	2396	12	
2397	11	2397	11	
2398	12	2398	11	
2399	12	2399	11	
2400	12	2400	11	
2401	12	2401	12	
2402	12	2402	12	
2403	12	2403	12	
2404	13	2404	12	
2405	13	2405	12	
2406	13	2406	12	
2407	13	2407	12	
2408	13	2408	12	
2409	13	2409	13	
2410	13	2410	13	
2411	14	2411	13	
2412	14	2412	13	
2413	14	2413	14	
2414	14	2414	14	
2415	14	2415	14	
2416	14	2416	14	
2417	15	2417	15	
2418	15	2418	15	
2419	15	2419	15	
2420	15	2420	15	
2421	15	2421	15	
2422	15	2422	16	
2423	16	2423	16	
2424	16	2424	16	
2425	16	2425	16	
2426	16	2426	16	
2427	16	2427	16	
2428	16	2428	16	
2429	16	2429	17	
2430	17	2430	17	
2431	17	2431	17	
2432	17	2432	17	
2433	17	2433	17	
2434	17	2434	17	
2435	17	2435	17	
2436	18	2436	17	
2437	18	2437	17	
2438	18	2438	17	
2439	19	2439	17	
2440	19	2440	17	
2441	19	2441	18	
2442	20	2442	18	
2443	20	2443	18	
2444	20	2444	18	
2445	21	2445	18	
2446	21	2446	18	
2447	21	2447	18	
2448	21	2448	18	
2449	22	2449	18	
2450	22	2450	18	
2451	22	2451	18	
2452	22	2452	18	
2453	22	2453	19	
2454	23	2454	19	
2455	23	2455	19	
2456	23	2456	19	
2457	23	2457	19	
2458	23	2458	19	
2459	23	2459	19	
2460	23	2460	19	
2461	24	2461	19	
2462	24	2462	19	
2463	24	2463	19	
2464	24	2464	19	
2465	24	2465	19	
2466	25	2466	19	
2467	25	2467	19	
2468	25	2468	19	
2469	25	2469	19	
2470	25	2470	19	
2471	25	2471	19	
2472	25	2472	19	
2473	26	2473	19	
2474	26	2474	19	
2475	26	2475	19	
2476	26	2476	19	
2477	26	2477	19	
2478	26	2478	19	
2479	26	2479	20	
2480	26	2480	20	
2481	26	2481	20	
2482	26	2482	20	
2483	26	2483	20	
2484	26	2484	20	
2485	26	2485	20	
2486	26	2486	21	
2487	26	2487	21	
2488	26	2488	21	
2489	26	2489	21	
2490	26	2490	21	
2491	26	2491	21	
2492	26	2492	22	
2493	26	2493	22	
2494	26	2494	22	
2495	26	2495	22	
2496	26	2496	22	
2497	26	2497	22	
2498	27	2498	22	
2499	27	2499	22	
