Time - RF	Amplitude - RF	Time - CRF	Amplitude - CRF	
0	8	0	7	
1	8	1	6	
2	8	2	6	
3	7	3	6	
4	7	4	6	
5	7	5	6	
6	7	6	5	
7	6	7	5	
8	6	8	5	
9	6	9	5	
10	6	10	5	
11	5	11	5	
12	5	12	5	
13	5	13	5	
14	5	14	4	
15	4	15	4	
16	4	16	4	
17	4	17	4	
18	4	18	4	
19	3	19	4	
20	3	20	4	
21	3	21	4	
22	3	22	4	
23	3	23	4	
24	2	24	4	
25	2	25	4	
26	2	26	3	
27	2	27	3	
28	2	28	3	
29	2	29	3	
30	1	30	2	
31	1	31	2	
32	1	32	2	
33	1	33	2	
34	1	34	1	
35	1	35	1	
36	0	36	1	
37	0	37	1	
38	0	38	0	
39	0	39	0	
40	-1	40	0	
41	-1	41	0	
42	-1	42	-1	
43	-1	43	-1	
44	-1	44	-1	
45	-2	45	-1	
46	-2	46	-2	
47	-2	47	-2	
48	-2	48	-2	
49	-3	49	-2	
50	-3	50	-2	
51	-3	51	-3	
52	-4	52	-3	
53	-4	53	-3	
54	-4	54	-4	
55	-4	55	-4	
56	-4	56	-4	
57	-5	57	-4	
58	-5	58	-4	
59	-5	59	-5	
60	-5	60	-5	
61	-6	61	-5	
62	-6	62	-5	
63	-6	63	-6	
64	-6	64	-6	
65	-6	65	-6	
66	-6	66	-6	
67	-6	67	-6	
68	-7	68	-6	
69	-7	69	-7	
70	-7	70	-7	
71	-7	71	-7	
72	-7	72	-7	
73	-7	73	-7	
74	-8	74	-7	
75	-8	75	-7	
76	-8	76	-8	
77	-8	77	-8	
78	-9	78	-8	
79	-9	79	-8	
80	-9	80	-8	
81	-9	81	-8	
82	-10	82	-9	
83	-10	83	-9	
84	-10	84	-9	
85	-10	85	-9	
86	-11	86	-9	
87	-11	87	-9	
88	-11	88	-10	
89	-11	89	-10	
90	-12	90	-10	
91	-12	91	-10	
92	-12	92	-10	
93	-12	93	-10	
94	-13	94	-11	
95	-13	95	-11	
96	-13	96	-11	
97	-13	97	-11	
98	-13	98	-11	
99	-14	99	-11	
100	-14	100	-11	
101	-14	101	-12	
102	-15	102	-12	
103	-15	103	-12	
104	-15	104	-12	
105	-15	105	-12	
106	-15	106	-12	
107	-16	107	-12	
108	-16	108	-12	
109	-16	109	-12	
110	-16	110	-12	
111	-17	111	-12	
112	-17	112	-12	
113	-17	113	-13	
114	-17	114	-13	
115	-17	115	-13	
116	-17	116	-13	
117	-18	117	-13	
118	-18	118	-13	
119	-18	119	-14	
120	-18	120	-14	
121	-18	121	-14	
122	-18	122	-14	
123	-18	123	-14	
124	-19	124	-14	
125	-19	125	-14	
126	-19	126	-15	
127	-19	127	-15	
128	-19	128	-15	
129	-19	129	-15	
130	-20	130	-15	
131	-20	131	-15	
132	-20	132	-15	
133	-20	133	-15	
134	-20	134	-15	
135	-20	135	-15	
136	-21	136	-15	
137	-21	137	-15	
138	-21	138	-15	
139	-21	139	-16	
140	-21	140	-16	
141	-21	141	-16	
142	-21	142	-16	
143	-22	143	-16	
144	-22	144	-16	
145	-22	145	-16	
146	-22	146	-16	
147	-22	147	-16	
148	-22	148	-16	
149	-23	149	-16	
150	-23	150	-16	
151	-23	151	-17	
152	-23	152	-17	
153	-23	153	-17	
154	-23	154	-17	
155	-24	155	-17	
156	-24	156	-17	
157	-24	157	-18	
158	-24	158	-18	
159	-24	159	-18	
160	-24	160	-18	
161	-25	161	-18	
162	-25	162	-18	
163	-25	163	-19	
164	-25	164	-19	
165	-25	165	-19	
166	-25	166	-19	
167	-25	167	-19	
168	-26	168	-19	
169	-26	169	-20	
170	-26	170	-20	
171	-26	171	-20	
172	-26	172	-20	
173	-26	173	-20	
174	-27	174	-20	
175	-27	175	-20	
176	-27	176	-21	
177	-27	177	-21	
178	-27	178	-21	
179	-27	179	-21	
180	-28	180	-21	
181	-28	181	-21	
182	-28	182	-21	
183	-28	183	-21	
184	-28	184	-21	
185	-28	185	-21	
186	-28	186	-21	
187	-29	187	-21	
188	-29	188	-21	
189	-29	189	-22	
190	-29	190	-22	
191	-29	191	-22	
192	-29	192	-22	
193	-29	193	-22	
194	-29	194	-22	
195	-29	195	-22	
196	-29	196	-22	
197	-29	197	-22	
198	-29	198	-22	
199	-30	199	-22	
200	-30	200	-22	
201	-30	201	-23	
202	-30	202	-23	
203	-30	203	-23	
204	-30	204	-23	
205	-31	205	-23	
206	-31	206	-23	
207	-31	207	-24	
208	-31	208	-24	
209	-31	209	-24	
210	-31	210	-24	
211	-31	211	-24	
212	-31	212	-24	
213	-31	213	-25	
214	-31	214	-25	
215	-31	215	-25	
216	-31	216	-25	
217	-31	217	-25	
218	-31	218	-25	
219	-31	219	-25	
220	-31	220	-25	
221	-31	221	-25	
222	-31	222	-25	
223	-31	223	-25	
224	-31	224	-25	
225	-32	225	-25	
226	-32	226	-25	
227	-32	227	-25	
228	-32	228	-25	
229	-32	229	-25	
230	-32	230	-25	
231	-32	231	-25	
232	-32	232	-25	
233	-32	233	-25	
234	-32	234	-25	
235	-32	235	-25	
236	-32	236	-24	
237	-32	237	-24	
238	-32	238	-24	
239	-32	239	-24	
240	-32	240	-24	
241	-32	241	-24	
242	-32	242	-24	
243	-32	243	-24	
244	-32	244	-24	
245	-32	245	-24	
246	-32	246	-24	
247	-32	247	-24	
248	-32	248	-24	
249	-32	249	-24	
250	-33	250	-24	
251	-33	251	-25	
252	-33	252	-25	
253	-33	253	-25	
254	-33	254	-25	
255	-33	255	-25	
256	-33	256	-25	
257	-33	257	-26	
258	-33	258	-26	
259	-33	259	-26	
260	-33	260	-26	
261	-33	261	-26	
262	-33	262	-26	
263	-33	263	-26	
264	-33	264	-26	
265	-34	265	-26	
266	-34	266	-26	
267	-34	267	-26	
268	-34	268	-26	
269	-33	269	-26	
270	-33	270	-26	
271	-33	271	-26	
272	-33	272	-26	
273	-33	273	-26	
274	-33	274	-25	
275	-33	275	-25	
276	-33	276	-25	
277	-33	277	-25	
278	-33	278	-25	
279	-33	279	-25	
280	-33	280	-25	
281	-33	281	-25	
282	-33	282	-25	
283	-33	283	-25	
284	-32	284	-25	
285	-32	285	-25	
286	-32	286	-25	
287	-32	287	-25	
288	-32	288	-25	
289	-32	289	-25	
290	-31	290	-25	
291	-31	291	-25	
292	-31	292	-25	
293	-31	293	-25	
294	-31	294	-25	
295	-31	295	-25	
296	-31	296	-25	
297	-30	297	-25	
298	-30	298	-24	
299	-30	299	-24	
300	-30	300	-24	
301	-31	301	-24	
302	-31	302	-25	
303	-31	303	-25	
304	-31	304	-25	
305	-31	305	-25	
306	-31	306	-25	
307	-31	307	-25	
308	-31	308	-25	
309	-31	309	-25	
310	-31	310	-25	
311	-31	311	-25	
312	-31	312	-25	
313	-31	313	-25	
314	-31	314	-25	
315	-31	315	-25	
316	-31	316	-25	
317	-31	317	-25	
318	-31	318	-25	
319	-31	319	-24	
320	-31	320	-24	
321	-31	321	-24	
322	-30	322	-24	
323	-30	323	-24	
324	-30	324	-23	
325	-30	325	-23	
326	-30	326	-23	
327	-30	327	-23	
328	-30	328	-23	
329	-30	329	-23	
330	-30	330	-23	
331	-30	331	-23	
332	-30	332	-23	
333	-30	333	-23	
334	-29	334	-23	
335	-29	335	-23	
336	-29	336	-22	
337	-29	337	-22	
338	-29	338	-22	
339	-29	339	-22	
340	-29	340	-22	
341	-29	341	-22	
342	-29	342	-22	
343	-29	343	-22	
344	-29	344	-22	
345	-29	345	-22	
346	-29	346	-22	
347	-28	347	-22	
348	-28	348	-22	
349	-28	349	-21	
350	-28	350	-21	
351	-28	351	-21	
352	-28	352	-21	
353	-28	353	-21	
354	-27	354	-21	
355	-27	355	-21	
356	-27	356	-20	
357	-27	357	-20	
358	-27	358	-20	
359	-27	359	-20	
360	-26	360	-20	
361	-26	361	-20	
362	-26	362	-19	
363	-26	363	-19	
364	-26	364	-19	
365	-26	365	-19	
366	-26	366	-19	
367	-26	367	-19	
368	-26	368	-19	
369	-26	369	-19	
370	-26	370	-19	
371	-26	371	-19	
372	-25	372	-19	
373	-25	373	-19	
374	-25	374	-18	
375	-25	375	-18	
376	-25	376	-18	
377	-24	377	-18	
378	-24	378	-18	
379	-24	379	-18	
380	-24	380	-18	
381	-23	381	-17	
382	-23	382	-17	
383	-23	383	-17	
384	-23	384	-17	
385	-22	385	-17	
386	-22	386	-17	
387	-22	387	-16	
388	-22	388	-16	
389	-22	389	-16	
390	-22	390	-16	
391	-21	391	-16	
392	-21	392	-16	
393	-21	393	-16	
394	-21	394	-16	
395	-21	395	-16	
396	-21	396	-16	
397	-20	397	-16	
398	-20	398	-16	
399	-20	399	-15	
400	-20	400	-15	
401	-20	401	-15	
402	-20	402	-15	
403	-19	403	-15	
404	-19	404	-15	
405	-19	405	-15	
406	-19	406	-14	
407	-19	407	-14	
408	-19	408	-14	
409	-19	409	-14	
410	-18	410	-14	
411	-18	411	-14	
412	-18	412	-13	
413	-18	413	-13	
414	-18	414	-13	
415	-18	415	-13	
416	-17	416	-13	
417	-17	417	-13	
418	-17	418	-12	
419	-17	419	-12	
420	-17	420	-12	
421	-17	421	-12	
422	-16	422	-12	
423	-16	423	-12	
424	-16	424	-11	
425	-16	425	-11	
426	-16	426	-11	
427	-15	427	-11	
428	-15	428	-11	
429	-15	429	-11	
430	-15	430	-10	
431	-14	431	-10	
432	-14	432	-10	
433	-14	433	-10	
434	-14	434	-10	
435	-13	435	-10	
436	-13	436	-10	
437	-13	437	-9	
438	-13	438	-9	
439	-12	439	-9	
440	-12	440	-9	
441	-12	441	-9	
442	-12	442	-9	
443	-11	443	-8	
444	-11	444	-8	
445	-11	445	-8	
446	-11	446	-8	
447	-10	447	-8	
448	-10	448	-8	
449	-10	449	-7	
450	-10	450	-7	
451	-10	451	-7	
452	-10	452	-7	
453	-9	453	-7	
454	-9	454	-7	
455	-9	455	-6	
456	-9	456	-6	
457	-9	457	-6	
458	-9	458	-6	
459	-9	459	-6	
460	-8	460	-6	
461	-8	461	-6	
462	-8	462	-5	
463	-8	463	-5	
464	-8	464	-5	
465	-8	465	-5	
466	-7	466	-5	
467	-7	467	-5	
468	-7	468	-4	
469	-7	469	-4	
470	-7	470	-4	
471	-7	471	-4	
472	-6	472	-4	
473	-6	473	-4	
474	-6	474	-3	
475	-6	475	-3	
476	-6	476	-3	
477	-5	477	-3	
478	-5	478	-3	
479	-5	479	-2	
480	-5	480	-2	
481	-4	481	-2	
482	-4	482	-2	
483	-4	483	-1	
484	-4	484	-1	
485	-3	485	-1	
486	-3	486	-1	
487	-3	487	0	
488	-3	488	0	
489	-2	489	0	
490	-2	490	0	
491	-2	491	0	
492	-2	492	0	
493	-1	493	1	
494	-1	494	1	
495	-1	495	1	
496	-1	496	1	
497	0	497	1	
498	0	498	1	
499	0	499	2	
500	0	500	2	
501	0	501	2	
502	1	502	2	
503	1	503	2	
504	1	504	2	
505	1	505	3	
506	2	506	3	
507	2	507	3	
508	2	508	3	
509	2	509	3	
510	3	510	3	
511	3	511	3	
512	3	512	4	
513	3	513	4	
514	4	514	4	
515	4	515	4	
516	4	516	4	
517	4	517	4	
518	5	518	5	
519	5	519	5	
520	5	520	5	
521	5	521	5	
522	6	522	5	
523	6	523	5	
524	6	524	6	
525	6	525	6	
526	6	526	6	
527	6	527	6	
528	7	528	6	
529	7	529	6	
530	7	530	6	
531	7	531	7	
532	7	532	7	
533	7	533	7	
534	7	534	7	
535	8	535	7	
536	8	536	7	
537	8	537	8	
538	8	538	8	
539	8	539	8	
540	8	540	8	
541	9	541	9	
542	9	542	9	
543	9	543	9	
544	9	544	10	
545	9	545	10	
546	9	546	10	
547	10	547	11	
548	10	548	11	
549	10	549	11	
550	10	550	12	
551	10	551	12	
552	10	552	12	
553	10	553	13	
554	11	554	13	
555	11	555	13	
556	11	556	13	
557	11	557	14	
558	11	558	14	
559	11	559	14	
560	12	560	14	
561	12	561	14	
562	12	562	15	
563	12	563	15	
564	13	564	15	
565	13	565	15	
566	13	566	15	
567	13	567	15	
568	13	568	15	
569	14	569	15	
570	14	570	15	
571	14	571	15	
572	15	572	15	
573	15	573	15	
574	15	574	15	
575	15	575	15	
576	16	576	15	
577	16	577	15	
578	16	578	15	
579	16	579	15	
580	16	580	15	
581	17	581	15	
582	17	582	15	
583	17	583	15	
584	17	584	15	
585	18	585	15	
586	18	586	15	
587	18	587	16	
588	18	588	16	
589	18	589	16	
590	18	590	16	
591	19	591	16	
592	19	592	17	
593	19	593	17	
594	19	594	17	
595	19	595	17	
596	19	596	18	
597	20	597	18	
598	20	598	18	
599	20	599	19	
600	20	600	19	
601	20	601	19	
602	20	602	19	
603	21	603	19	
604	21	604	19	
605	21	605	20	
606	21	606	20	
607	21	607	20	
608	21	608	20	
609	21	609	20	
610	22	610	20	
611	22	611	20	
612	22	612	21	
613	22	613	21	
614	22	614	21	
615	22	615	21	
616	23	616	21	
617	23	617	21	
618	23	618	22	
619	23	619	22	
620	23	620	22	
621	23	621	22	
622	24	622	22	
623	24	623	22	
624	24	624	23	
625	24	625	23	
626	24	626	23	
627	24	627	23	
628	24	628	23	
629	24	629	23	
630	24	630	24	
631	24	631	24	
632	24	632	24	
633	24	633	24	
634	25	634	24	
635	25	635	24	
636	25	636	24	
637	25	637	25	
638	25	638	25	
639	25	639	25	
640	25	640	25	
641	26	641	25	
642	26	642	25	
643	26	643	25	
644	26	644	25	
645	26	645	25	
646	26	646	26	
647	27	647	26	
648	27	648	26	
649	27	649	26	
650	27	650	26	
651	27	651	26	
652	27	652	25	
653	28	653	25	
654	28	654	25	
655	28	655	25	
656	28	656	25	
657	28	657	25	
658	28	658	25	
659	28	659	25	
660	29	660	25	
661	29	661	25	
662	29	662	25	
663	29	663	25	
664	29	664	25	
665	30	665	25	
666	30	666	25	
667	30	667	25	
668	30	668	25	
669	30	669	25	
670	30	670	25	
671	30	671	25	
672	31	672	25	
673	31	673	25	
674	31	674	26	
675	31	675	26	
676	31	676	26	
677	31	677	26	
678	31	678	26	
679	31	679	26	
680	31	680	26	
681	31	681	26	
682	31	682	26	
683	31	683	26	
684	31	684	26	
685	31	685	26	
686	31	686	27	
687	31	687	27	
688	31	688	27	
689	31	689	27	
690	31	690	27	
691	31	691	27	
692	31	692	27	
693	31	693	27	
694	31	694	27	
695	31	695	27	
696	31	696	27	
697	32	697	27	
698	32	698	28	
699	32	699	28	
700	32	700	28	
701	32	701	28	
702	32	702	28	
703	32	703	28	
704	32	704	28	
705	32	705	28	
706	32	706	28	
707	32	707	28	
708	33	708	28	
709	33	709	28	
710	33	710	28	
711	33	711	28	
712	33	712	28	
713	33	713	28	
714	33	714	28	
715	33	715	28	
716	33	716	28	
717	33	717	28	
718	33	718	28	
719	33	719	28	
720	33	720	28	
721	33	721	28	
722	33	722	29	
723	33	723	29	
724	33	724	29	
725	32	725	29	
726	32	726	28	
727	32	727	28	
728	32	728	28	
729	32	729	28	
730	32	730	28	
731	32	731	28	
732	32	732	27	
733	32	733	27	
734	32	734	27	
735	32	735	27	
736	32	736	27	
737	32	737	27	
738	32	738	27	
739	32	739	27	
740	32	740	26	
741	32	741	26	
742	32	742	26	
743	32	743	26	
744	32	744	26	
745	32	745	26	
746	32	746	26	
747	32	747	26	
748	32	748	27	
749	32	749	27	
750	32	750	27	
751	32	751	27	
752	32	752	27	
753	32	753	27	
754	32	754	27	
755	32	755	27	
756	32	756	27	
757	32	757	27	
758	32	758	27	
759	32	759	27	
760	32	760	28	
761	32	761	28	
762	32	762	28	
763	31	763	28	
764	31	764	28	
765	31	765	28	
766	31	766	27	
767	31	767	27	
768	31	768	27	
769	31	769	27	
770	31	770	27	
771	31	771	27	
772	31	772	27	
773	31	773	27	
774	31	774	27	
775	30	775	27	
776	30	776	27	
777	30	777	26	
778	30	778	26	
779	30	779	26	
780	30	780	26	
781	30	781	26	
782	30	782	26	
783	30	783	26	
784	30	784	26	
785	30	785	26	
786	30	786	26	
787	29	787	26	
788	29	788	26	
789	29	789	26	
790	29	790	25	
791	29	791	25	
792	29	792	25	
793	29	793	25	
794	29	794	25	
795	29	795	25	
796	29	796	25	
797	29	797	25	
798	29	798	25	
799	28	799	25	
800	28	800	25	
801	28	801	24	
802	28	802	24	
803	28	803	24	
804	28	804	24	
805	27	805	23	
806	27	806	23	
807	27	807	23	
808	27	808	23	
809	27	809	22	
810	27	810	22	
811	27	811	22	
812	26	812	22	
813	26	813	21	
814	26	814	21	
815	26	815	21	
816	26	816	21	
817	26	817	21	
818	26	818	21	
819	26	819	21	
820	26	820	21	
821	26	821	21	
822	26	822	21	
823	26	823	21	
824	25	824	21	
825	25	825	21	
826	25	826	21	
827	25	827	20	
828	25	828	20	
829	25	829	20	
830	25	830	20	
831	24	831	20	
832	24	832	20	
833	24	833	20	
834	24	834	20	
835	24	835	20	
836	23	836	20	
837	23	837	20	
838	23	838	19	
839	23	839	19	
840	22	840	19	
841	22	841	19	
842	22	842	19	
843	22	843	19	
844	21	844	19	
845	21	845	18	
846	21	846	18	
847	21	847	18	
848	21	848	18	
849	20	849	18	
850	20	850	18	
851	20	851	17	
852	20	852	17	
853	20	853	17	
854	20	854	17	
855	20	855	17	
856	20	856	16	
857	20	857	16	
858	20	858	16	
859	20	859	16	
860	20	860	16	
861	19	861	16	
862	19	862	16	
863	19	863	16	
864	19	864	16	
865	19	865	16	
866	19	866	16	
867	19	867	16	
868	18	868	16	
869	18	869	16	
870	18	870	16	
871	18	871	16	
872	18	872	16	
873	18	873	16	
874	17	874	16	
875	17	875	16	
876	17	876	15	
877	17	877	15	
878	17	878	15	
879	17	879	15	
880	17	880	15	
881	16	881	14	
882	16	882	14	
883	16	883	14	
884	16	884	13	
885	16	885	13	
886	15	886	13	
887	15	887	13	
888	15	888	12	
889	15	889	12	
890	14	890	12	
891	14	891	12	
892	14	892	11	
893	14	893	11	
894	14	894	11	
895	13	895	11	
896	13	896	10	
897	13	897	10	
898	13	898	10	
899	12	899	10	
900	12	900	10	
901	12	901	10	
902	12	902	10	
903	11	903	10	
904	11	904	10	
905	11	905	10	
906	11	906	10	
907	10	907	10	
908	10	908	10	
909	10	909	10	
910	10	910	10	
911	9	911	10	
912	9	912	10	
913	9	913	9	
914	9	914	9	
915	8	915	9	
916	8	916	9	
917	8	917	9	
918	8	918	8	
919	8	919	8	
920	7	920	8	
921	7	921	8	
922	7	922	7	
923	6	923	7	
924	6	924	7	
925	6	925	6	
926	5	926	6	
927	5	927	6	
928	5	928	6	
929	4	929	5	
930	4	930	5	
931	4	931	5	
932	3	932	5	
933	3	933	4	
934	3	934	4	
935	3	935	4	
936	2	936	4	
937	2	937	4	
938	2	938	4	
939	2	939	3	
940	2	940	3	
941	2	941	3	
942	1	942	3	
943	1	943	3	
944	1	944	3	
945	1	945	3	
946	1	946	3	
947	1	947	3	
948	1	948	3	
949	0	949	3	
950	0	950	3	
951	0	951	2	
952	0	952	2	
953	-1	953	2	
954	-1	954	2	
955	-1	955	1	
956	-1	956	1	
957	-2	957	1	
958	-2	958	1	
959	-2	959	0	
960	-2	960	0	
961	-3	961	0	
962	-3	962	0	
963	-3	963	-1	
964	-3	964	-1	
965	-4	965	-1	
966	-4	966	-1	
967	-4	967	-2	
968	-4	968	-2	
969	-5	969	-2	
970	-5	970	-2	
971	-5	971	-3	
972	-5	972	-3	
973	-5	973	-3	
974	-6	974	-3	
975	-6	975	-3	
976	-6	976	-4	
977	-6	977	-4	
978	-6	978	-4	
979	-6	979	-4	
980	-7	980	-4	
981	-7	981	-4	
982	-7	982	-5	
983	-7	983	-5	
984	-7	984	-5	
985	-7	985	-5	
986	-8	986	-5	
987	-8	987	-5	
988	-8	988	-6	
989	-8	989	-6	
990	-9	990	-6	
991	-9	991	-6	
992	-9	992	-7	
993	-9	993	-7	
994	-10	994	-7	
995	-10	995	-7	
996	-10	996	-8	
997	-10	997	-8	
998	-10	998	-8	
999	-11	999	-8	
1000	-11	1000	-8	
1001	-11	1001	-9	
1002	-11	1002	-9	
1003	-11	1003	-9	
1004	-11	1004	-9	
1005	-12	1005	-9	
1006	-12	1006	-9	
1007	-12	1007	-9	
1008	-12	1008	-9	
1009	-12	1009	-9	
1010	-12	1010	-9	
1011	-13	1011	-9	
1012	-13	1012	-9	
1013	-13	1013	-10	
1014	-13	1014	-10	
1015	-13	1015	-10	
1016	-13	1016	-10	
1017	-13	1017	-10	
1018	-14	1018	-10	
1019	-14	1019	-10	
1020	-14	1020	-11	
1021	-14	1021	-11	
1022	-14	1022	-11	
1023	-14	1023	-11	
1024	-15	1024	-11	
1025	-15	1025	-11	
1026	-15	1026	-12	
1027	-15	1027	-12	
1028	-16	1028	-12	
1029	-16	1029	-12	
1030	-16	1030	-12	
1031	-16	1031	-12	
1032	-17	1032	-13	
1033	-17	1033	-13	
1034	-17	1034	-13	
1035	-17	1035	-13	
1036	-18	1036	-13	
1037	-18	1037	-13	
1038	-18	1038	-14	
1039	-18	1039	-14	
1040	-18	1040	-14	
1041	-18	1041	-14	
1042	-18	1042	-14	
1043	-19	1043	-14	
1044	-19	1044	-14	
1045	-19	1045	-15	
1046	-19	1046	-15	
1047	-19	1047	-15	
1048	-19	1048	-15	
1049	-20	1049	-15	
1050	-20	1050	-15	
1051	-20	1051	-16	
1052	-20	1052	-16	
1053	-21	1053	-16	
1054	-21	1054	-16	
1055	-21	1055	-16	
1056	-21	1056	-16	
1057	-22	1057	-17	
1058	-22	1058	-17	
1059	-22	1059	-17	
1060	-22	1060	-17	
1061	-23	1061	-17	
1062	-23	1062	-17	
1063	-23	1063	-18	
1064	-23	1064	-18	
1065	-23	1065	-18	
1066	-23	1066	-18	
1067	-24	1067	-18	
1068	-24	1068	-18	
1069	-24	1069	-19	
1070	-24	1070	-19	
1071	-24	1071	-19	
1072	-24	1072	-19	
1073	-24	1073	-19	
1074	-25	1074	-19	
1075	-25	1075	-19	
1076	-25	1076	-19	
1077	-25	1077	-19	
1078	-25	1078	-19	
1079	-25	1079	-19	
1080	-26	1080	-19	
1081	-26	1081	-19	
1082	-26	1082	-19	
1083	-26	1083	-19	
1084	-26	1084	-19	
1085	-26	1085	-19	
1086	-27	1086	-19	
1087	-27	1087	-19	
1088	-27	1088	-19	
1089	-27	1089	-19	
1090	-27	1090	-20	
1091	-27	1091	-20	
1092	-28	1092	-20	
1093	-28	1093	-20	
1094	-28	1094	-20	
1095	-28	1095	-20	
1096	-28	1096	-20	
1097	-28	1097	-20	
1098	-28	1098	-20	
1099	-29	1099	-20	
1100	-29	1100	-20	
1101	-29	1101	-21	
1102	-29	1102	-21	
1103	-29	1103	-21	
1104	-29	1104	-21	
1105	-29	1105	-21	
1106	-29	1106	-21	
1107	-29	1107	-22	
1108	-29	1108	-22	
1109	-29	1109	-22	
1110	-29	1110	-22	
1111	-29	1111	-22	
1112	-30	1112	-22	
1113	-30	1113	-23	
1114	-30	1114	-23	
1115	-30	1115	-23	
1116	-30	1116	-23	
1117	-30	1117	-23	
1118	-30	1118	-23	
1119	-30	1119	-24	
1120	-30	1120	-24	
1121	-30	1121	-24	
1122	-30	1122	-24	
1123	-30	1123	-24	
1124	-31	1124	-24	
1125	-31	1125	-24	
1126	-31	1126	-24	
1127	-31	1127	-24	
1128	-31	1128	-24	
1129	-31	1129	-24	
1130	-31	1130	-24	
1131	-31	1131	-24	
1132	-31	1132	-24	
1133	-31	1133	-24	
1134	-31	1134	-24	
1135	-31	1135	-24	
1136	-31	1136	-24	
1137	-31	1137	-24	
1138	-31	1138	-24	
1139	-31	1139	-25	
1140	-31	1140	-25	
1141	-31	1141	-25	
1142	-31	1142	-25	
1143	-31	1143	-25	
1144	-31	1144	-25	
1145	-31	1145	-25	
1146	-31	1146	-25	
1147	-31	1147	-25	
1148	-31	1148	-25	
1149	-31	1149	-25	
1150	-31	1150	-25	
1151	-31	1151	-25	
1152	-31	1152	-25	
1153	-31	1153	-25	
1154	-31	1154	-26	
1155	-31	1155	-26	
1156	-31	1156	-26	
1157	-31	1157	-26	
1158	-31	1158	-25	
1159	-31	1159	-25	
1160	-31	1160	-25	
1161	-32	1161	-25	
1162	-32	1162	-25	
1163	-32	1163	-25	
1164	-32	1164	-25	
1165	-32	1165	-25	
1166	-32	1166	-25	
1167	-33	1167	-25	
1168	-33	1168	-25	
1169	-33	1169	-25	
1170	-33	1170	-25	
1171	-33	1171	-25	
1172	-33	1172	-25	
1173	-33	1173	-24	
1174	-33	1174	-24	
1175	-34	1175	-24	
1176	-34	1176	-24	
1177	-34	1177	-24	
1178	-34	1178	-24	
1179	-34	1179	-24	
1180	-34	1180	-24	
1181	-34	1181	-24	
1182	-34	1182	-24	
1183	-33	1183	-24	
1184	-33	1184	-24	
1185	-33	1185	-24	
1186	-33	1186	-24	
1187	-33	1187	-24	
1188	-33	1188	-25	
1189	-33	1189	-25	
1190	-33	1190	-25	
1191	-33	1191	-25	
1192	-33	1192	-25	
1193	-33	1193	-25	
1194	-33	1194	-26	
1195	-33	1195	-26	
1196	-33	1196	-26	
1197	-32	1197	-26	
1198	-32	1198	-26	
1199	-32	1199	-26	
1200	-32	1200	-26	
1201	-32	1201	-26	
1202	-32	1202	-26	
1203	-32	1203	-26	
1204	-32	1204	-26	
1205	-32	1205	-26	
1206	-32	1206	-26	
1207	-32	1207	-26	
1208	-32	1208	-26	
1209	-31	1209	-26	
1210	-31	1210	-26	
1211	-31	1211	-25	
1212	-31	1212	-25	
1213	-31	1213	-25	
1214	-31	1214	-25	
1215	-31	1215	-25	
1216	-31	1216	-25	
1217	-31	1217	-25	
1218	-31	1218	-25	
1219	-31	1219	-25	
1220	-31	1220	-25	
1221	-30	1221	-25	
1222	-30	1222	-25	
1223	-30	1223	-25	
1224	-30	1224	-25	
1225	-30	1225	-25	
1226	-30	1226	-25	
1227	-30	1227	-25	
1228	-30	1228	-25	
1229	-30	1229	-25	
1230	-30	1230	-25	
1231	-30	1231	-26	
1232	-30	1232	-26	
1233	-30	1233	-26	
1234	-30	1234	-26	
1235	-30	1235	-25	
1236	-30	1236	-25	
1237	-30	1237	-25	
1238	-30	1238	-25	
1239	-30	1239	-25	
1240	-30	1240	-25	
1241	-30	1241	-25	
1242	-30	1242	-25	
1243	-30	1243	-25	
1244	-30	1244	-24	
1245	-30	1245	-24	
1246	-30	1246	-24	
1247	-30	1247	-24	
1248	-30	1248	-24	
1249	-30	1249	-23	
1250	-30	1250	-23	
1251	-30	1251	-23	
1252	-30	1252	-23	
1253	-30	1253	-23	
1254	-30	1254	-23	
1255	-30	1255	-22	
1256	-30	1256	-22	
1257	-30	1257	-22	
1258	-30	1258	-22	
1259	-29	1259	-22	
1260	-29	1260	-22	
1261	-29	1261	-22	
1262	-29	1262	-21	
1263	-29	1263	-21	
1264	-29	1264	-21	
1265	-29	1265	-21	
1266	-28	1266	-21	
1267	-28	1267	-21	
1268	-28	1268	-21	
1269	-28	1269	-21	
1270	-28	1270	-21	
1271	-28	1271	-21	
1272	-27	1272	-21	
1273	-27	1273	-20	
1274	-27	1274	-20	
1275	-27	1275	-20	
1276	-27	1276	-20	
1277	-27	1277	-20	
1278	-26	1278	-20	
1279	-26	1279	-20	
1280	-26	1280	-20	
1281	-26	1281	-20	
1282	-26	1282	-20	
1283	-26	1283	-20	
1284	-26	1284	-20	
1285	-25	1285	-20	
1286	-25	1286	-19	
1287	-25	1287	-19	
1288	-25	1288	-19	
1289	-25	1289	-19	
1290	-25	1290	-19	
1291	-25	1291	-19	
1292	-25	1292	-19	
1293	-25	1293	-18	
1294	-25	1294	-18	
1295	-25	1295	-18	
1296	-25	1296	-18	
1297	-24	1297	-18	
1298	-24	1298	-18	
1299	-24	1299	-17	
1300	-24	1300	-17	
1301	-24	1301	-17	
1302	-24	1302	-17	
1303	-24	1303	-17	
1304	-23	1304	-17	
1305	-23	1305	-17	
1306	-23	1306	-17	
1307	-23	1307	-17	
1308	-23	1308	-17	
1309	-23	1309	-17	
1310	-22	1310	-17	
1311	-22	1311	-16	
1312	-22	1312	-16	
1313	-22	1313	-16	
1314	-22	1314	-16	
1315	-22	1315	-16	
1316	-21	1316	-16	
1317	-21	1317	-16	
1318	-21	1318	-15	
1319	-21	1319	-15	
1320	-21	1320	-15	
1321	-21	1321	-15	
1322	-20	1322	-15	
1323	-20	1323	-15	
1324	-20	1324	-14	
1325	-20	1325	-14	
1326	-20	1326	-14	
1327	-19	1327	-14	
1328	-19	1328	-14	
1329	-19	1329	-14	
1330	-19	1330	-14	
1331	-18	1331	-14	
1332	-18	1332	-14	
1333	-18	1333	-14	
1334	-18	1334	-14	
1335	-17	1335	-14	
1336	-17	1336	-13	
1337	-17	1337	-13	
1338	-17	1338	-13	
1339	-17	1339	-13	
1340	-17	1340	-13	
1341	-16	1341	-13	
1342	-16	1342	-12	
1343	-16	1343	-12	
1344	-16	1344	-12	
1345	-16	1345	-12	
1346	-16	1346	-11	
1347	-15	1347	-11	
1348	-15	1348	-11	
1349	-15	1349	-10	
1350	-15	1350	-10	
1351	-15	1351	-10	
1352	-14	1352	-10	
1353	-14	1353	-10	
1354	-14	1354	-10	
1355	-14	1355	-9	
1356	-13	1356	-9	
1357	-13	1357	-9	
1358	-13	1358	-9	
1359	-13	1359	-9	
1360	-12	1360	-9	
1361	-12	1361	-9	
1362	-12	1362	-8	
1363	-12	1363	-8	
1364	-11	1364	-8	
1365	-11	1365	-8	
1366	-11	1366	-7	
1367	-11	1367	-7	
1368	-10	1368	-7	
1369	-10	1369	-7	
1370	-10	1370	-6	
1371	-10	1371	-6	
1372	-9	1372	-6	
1373	-9	1373	-6	
1374	-9	1374	-5	
1375	-9	1375	-5	
1376	-9	1376	-5	
1377	-8	1377	-5	
1378	-8	1378	-5	
1379	-8	1379	-5	
1380	-8	1380	-4	
1381	-7	1381	-4	
1382	-7	1382	-4	
1383	-7	1383	-4	
1384	-7	1384	-4	
1385	-6	1385	-4	
1386	-6	1386	-4	
1387	-6	1387	-3	
1388	-6	1388	-3	
1389	-5	1389	-3	
1390	-5	1390	-3	
1391	-5	1391	-3	
1392	-5	1392	-3	
1393	-4	1393	-2	
1394	-4	1394	-2	
1395	-4	1395	-2	
1396	-4	1396	-2	
1397	-3	1397	-2	
1398	-3	1398	-2	
1399	-3	1399	-1	
1400	-3	1400	-1	
1401	-3	1401	-1	
1402	-3	1402	-1	
1403	-2	1403	0	
1404	-2	1404	0	
1405	-2	1405	0	
1406	-2	1406	0	
1407	-2	1407	1	
1408	-2	1408	1	
1409	-2	1409	1	
1410	-1	1410	1	
1411	-1	1411	1	
1412	-1	1412	2	
1413	-1	1413	2	
1414	0	1414	2	
1415	0	1415	2	
1416	0	1416	2	
1417	0	1417	2	
1418	0	1418	2	
1419	1	1419	2	
1420	1	1420	2	
1421	1	1421	2	
1422	2	1422	2	
1423	2	1423	2	
1424	2	1424	3	
1425	2	1425	3	
1426	2	1426	3	
1427	3	1427	3	
1428	3	1428	3	
1429	3	1429	4	
1430	3	1430	4	
1431	4	1431	4	
1432	4	1432	4	
1433	4	1433	5	
1434	4	1434	5	
1435	5	1435	5	
1436	5	1436	5	
1437	5	1437	6	
1438	5	1438	6	
1439	6	1439	6	
1440	6	1440	6	
1441	6	1441	6	
1442	6	1442	6	
1443	7	1443	7	
1444	7	1444	7	
1445	7	1445	7	
1446	7	1446	7	
1447	8	1447	7	
1448	8	1448	7	
1449	8	1449	8	
1450	8	1450	8	
1451	8	1451	8	
1452	8	1452	8	
1453	9	1453	8	
1454	9	1454	8	
1455	9	1455	8	
1456	9	1456	9	
1457	9	1457	9	
1458	9	1458	9	
1459	9	1459	9	
1460	10	1460	9	
1461	10	1461	9	
1462	10	1462	10	
1463	10	1463	10	
1464	10	1464	10	
1465	10	1465	10	
1466	11	1466	11	
1467	11	1467	11	
1468	11	1468	11	
1469	11	1469	11	
1470	11	1470	11	
1471	11	1471	12	
1472	12	1472	12	
1473	12	1473	12	
1474	12	1474	13	
1475	12	1475	13	
1476	12	1476	13	
1477	13	1477	13	
1478	13	1478	14	
1479	13	1479	14	
1480	13	1480	14	
1481	14	1481	14	
1482	14	1482	15	
1483	14	1483	15	
1484	14	1484	15	
1485	15	1485	15	
1486	15	1486	15	
1487	15	1487	16	
1488	15	1488	16	
1489	16	1489	16	
1490	16	1490	16	
1491	16	1491	16	
1492	16	1492	16	
1493	17	1493	16	
1494	17	1494	16	
1495	17	1495	16	
1496	17	1496	16	
1497	18	1497	17	
1498	18	1498	17	
1499	18	1499	17	
1500	18	1500	17	
1501	18	1501	17	
1502	18	1502	17	
1503	18	1503	17	
1504	18	1504	17	
1505	18	1505	17	
1506	18	1506	17	
1507	18	1507	17	
1508	18	1508	17	
1509	19	1509	17	
1510	19	1510	17	
1511	19	1511	18	
1512	19	1512	18	
1513	19	1513	18	
1514	19	1514	18	
1515	20	1515	18	
1516	20	1516	18	
1517	20	1517	18	
1518	20	1518	19	
1519	21	1519	19	
1520	21	1520	19	
1521	21	1521	19	
1522	22	1522	19	
1523	22	1523	19	
1524	22	1524	20	
1525	22	1525	20	
1526	22	1526	20	
1527	22	1527	20	
1528	23	1528	20	
1529	23	1529	20	
1530	23	1530	21	
1531	23	1531	21	
1532	23	1532	21	
1533	23	1533	21	
1534	24	1534	21	
1535	24	1535	21	
1536	24	1536	21	
1537	24	1537	22	
1538	24	1538	22	
1539	24	1539	22	
1540	24	1540	22	
1541	24	1541	22	
1542	24	1542	22	
1543	24	1543	23	
1544	24	1544	23	
1545	24	1545	23	
1546	25	1546	23	
1547	25	1547	23	
1548	25	1548	23	
1549	25	1549	24	
1550	25	1550	24	
1551	25	1551	24	
1552	25	1552	24	
1553	25	1553	24	
1554	25	1554	24	
1555	25	1555	24	
1556	25	1556	24	
1557	25	1557	24	
1558	25	1558	24	
1559	26	1559	24	
1560	26	1560	25	
1561	26	1561	25	
1562	26	1562	25	
1563	26	1563	25	
1564	26	1564	25	
1565	26	1565	25	
1566	26	1566	25	
1567	27	1567	25	
1568	27	1568	25	
1569	27	1569	25	
1570	27	1570	25	
1571	27	1571	25	
1572	28	1572	25	
1573	28	1573	25	
1574	28	1574	25	
1575	28	1575	25	
1576	29	1576	25	
1577	29	1577	25	
1578	29	1578	25	
1579	29	1579	25	
1580	30	1580	25	
1581	30	1581	25	
1582	30	1582	25	
1583	30	1583	25	
1584	30	1584	25	
1585	31	1585	25	
1586	31	1586	26	
1587	31	1587	26	
1588	31	1588	26	
1589	30	1589	26	
1590	30	1590	26	
1591	30	1591	26	
1592	30	1592	26	
1593	30	1593	27	
1594	30	1594	27	
1595	30	1595	27	
1596	30	1596	27	
1597	30	1597	27	
1598	30	1598	27	
1599	30	1599	28	
1600	30	1600	28	
1601	30	1601	28	
1602	30	1602	28	
1603	30	1603	28	
1604	30	1604	28	
1605	30	1605	28	
1606	30	1606	28	
1607	30	1607	28	
1608	30	1608	28	
1609	31	1609	28	
1610	31	1610	28	
1611	31	1611	28	
1612	31	1612	28	
1613	31	1613	28	
1614	31	1614	28	
1615	31	1615	28	
1616	31	1616	28	
1617	31	1617	28	
1618	31	1618	28	
1619	31	1619	28	
1620	31	1620	28	
1621	32	1621	28	
1622	32	1622	28	
1623	32	1623	28	
1624	32	1624	29	
1625	32	1625	29	
1626	32	1626	29	
1627	32	1627	29	
1628	32	1628	29	
1629	32	1629	29	
1630	32	1630	29	
1631	32	1631	29	
1632	32	1632	29	
1633	32	1633	29	
1634	32	1634	30	
1635	32	1635	30	
1636	32	1636	30	
1637	32	1637	30	
1638	32	1638	30	
1639	32	1639	30	
1640	32	1640	30	
1641	32	1641	29	
1642	32	1642	29	
1643	32	1643	29	
1644	32	1644	29	
1645	32	1645	29	
1646	33	1646	29	
1647	33	1647	29	
1648	33	1648	29	
1649	33	1649	29	
1650	33	1650	29	
1651	33	1651	29	
1652	33	1652	28	
1653	33	1653	28	
1654	33	1654	28	
1655	33	1655	28	
1656	33	1656	28	
1657	33	1657	28	
1658	33	1658	28	
1659	33	1659	28	
1660	33	1660	28	
1661	33	1661	28	
1662	32	1662	28	
1663	32	1663	28	
1664	32	1664	27	
1665	32	1665	27	
1666	32	1666	27	
1667	32	1667	27	
1668	32	1668	27	
1669	32	1669	27	
1670	32	1670	27	
1671	32	1671	27	
1672	32	1672	27	
1673	32	1673	27	
1674	32	1674	27	
1675	32	1675	27	
1676	32	1676	26	
1677	32	1677	26	
1678	32	1678	26	
1679	32	1679	26	
1680	32	1680	26	
1681	32	1681	26	
1682	32	1682	26	
1683	32	1683	26	
1684	32	1684	26	
1685	32	1685	26	
1686	32	1686	26	
1687	32	1687	26	
1688	31	1688	26	
1689	31	1689	26	
1690	31	1690	26	
1691	31	1691	26	
1692	31	1692	26	
1693	31	1693	26	
1694	31	1694	26	
1695	31	1695	26	
1696	31	1696	26	
1697	31	1697	26	
1698	31	1698	26	
1699	30	1699	26	
1700	30	1700	26	
1701	30	1701	26	
1702	30	1702	25	
1703	30	1703	25	
1704	30	1704	25	
1705	29	1705	25	
1706	29	1706	25	
1707	29	1707	25	
1708	29	1708	25	
1709	29	1709	25	
1710	29	1710	25	
1711	29	1711	25	
1712	28	1712	25	
1713	28	1713	25	
1714	28	1714	25	
1715	28	1715	25	
1716	28	1716	25	
1717	28	1717	25	
1718	28	1718	25	
1719	28	1719	25	
1720	28	1720	25	
1721	28	1721	25	
1722	28	1722	25	
1723	28	1723	25	
1724	27	1724	25	
1725	27	1725	25	
1726	27	1726	25	
1727	27	1727	25	
1728	27	1728	25	
1729	27	1729	25	
1730	26	1730	25	
1731	26	1731	25	
1732	26	1732	25	
1733	26	1733	25	
1734	26	1734	25	
1735	26	1735	25	
1736	25	1736	25	
1737	25	1737	25	
1738	25	1738	24	
1739	25	1739	24	
1740	25	1740	24	
1741	25	1741	24	
1742	24	1742	23	
1743	24	1743	23	
1744	24	1744	23	
1745	24	1745	23	
1746	24	1746	22	
1747	24	1747	22	
1748	24	1748	22	
1749	23	1749	22	
1750	23	1750	22	
1751	23	1751	21	
1752	23	1752	21	
1753	23	1753	21	
1754	23	1754	21	
1755	23	1755	21	
1756	23	1756	21	
1757	23	1757	21	
1758	23	1758	21	
1759	23	1759	21	
1760	23	1760	21	
1761	22	1761	21	
1762	22	1762	21	
1763	22	1763	20	
1764	22	1764	20	
1765	22	1765	20	
1766	22	1766	20	
1767	22	1767	19	
1768	21	1768	19	
1769	21	1769	19	
1770	21	1770	19	
1771	21	1771	19	
1772	21	1772	18	
1773	21	1773	18	
1774	20	1774	18	
1775	20	1775	18	
1776	20	1776	17	
1777	20	1777	17	
1778	20	1778	17	
1779	20	1779	17	
1780	20	1780	17	
1781	19	1781	16	
1782	19	1782	16	
1783	19	1783	16	
1784	19	1784	16	
1785	19	1785	16	
1786	18	1786	16	
1787	18	1787	16	
1788	18	1788	16	
1789	18	1789	15	
1790	17	1790	15	
1791	17	1791	15	
1792	17	1792	15	
1793	17	1793	15	
1794	16	1794	15	
1795	16	1795	15	
1796	16	1796	15	
1797	16	1797	15	
1798	16	1798	15	
1799	15	1799	15	
1800	15	1800	15	
1801	15	1801	14	
1802	15	1802	14	
1803	15	1803	14	
1804	15	1804	14	
1805	14	1805	13	
1806	14	1806	13	
1807	14	1807	13	
1808	14	1808	13	
1809	14	1809	12	
1810	14	1810	12	
1811	13	1811	12	
1812	13	1812	12	
1813	13	1813	11	
1814	13	1814	11	
1815	13	1815	11	
1816	13	1816	11	
1817	13	1817	11	
1818	12	1818	11	
1819	12	1819	11	
1820	12	1820	10	
1821	12	1821	10	
1822	12	1822	10	
1823	12	1823	10	
1824	11	1824	10	
1825	11	1825	10	
1826	11	1826	9	
1827	11	1827	9	
1828	10	1828	9	
1829	10	1829	8	
1830	10	1830	8	
1831	10	1831	8	
1832	9	1832	8	
1833	9	1833	8	
1834	9	1834	7	
1835	9	1835	7	
1836	8	1836	7	
1837	8	1837	7	
1838	8	1838	7	
1839	7	1839	6	
1840	7	1840	6	
1841	7	1841	6	
1842	6	1842	6	
1843	6	1843	6	
1844	6	1844	6	
1845	5	1845	6	
1846	5	1846	6	
1847	5	1847	6	
1848	5	1848	6	
1849	4	1849	6	
1850	4	1850	6	
1851	4	1851	5	
1852	4	1852	5	
1853	4	1853	5	
1854	3	1854	5	
1855	3	1855	5	
1856	3	1856	5	
1857	3	1857	4	
1858	3	1858	4	
1859	3	1859	4	
1860	3	1860	4	
1861	2	1861	4	
1862	2	1862	4	
1863	2	1863	4	
1864	2	1864	3	
1865	2	1865	3	
1866	2	1866	3	
1867	2	1867	3	
1868	1	1868	3	
1869	1	1869	3	
1870	1	1870	3	
1871	1	1871	3	
1872	1	1872	3	
1873	0	1873	3	
1874	0	1874	3	
1875	0	1875	3	
1876	0	1876	2	
1877	-1	1877	2	
1878	-1	1878	2	
1879	-1	1879	2	
1880	-2	1880	2	
1881	-2	1881	1	
1882	-2	1882	1	
1883	-3	1883	1	
1884	-3	1884	0	
1885	-3	1885	0	
1886	-4	1886	0	
1887	-4	1887	0	
1888	-4	1888	-1	
1889	-4	1889	-1	
1890	-4	1890	-1	
1891	-4	1891	-2	
1892	-5	1892	-2	
1893	-5	1893	-2	
1894	-5	1894	-3	
1895	-5	1895	-3	
1896	-5	1896	-3	
1897	-5	1897	-4	
1898	-5	1898	-4	
1899	-6	1899	-4	
1900	-6	1900	-4	
1901	-6	1901	-5	
1902	-6	1902	-5	
1903	-6	1903	-5	
1904	-6	1904	-5	
1905	-6	1905	-5	
1906	-7	1906	-5	
1907	-7	1907	-5	
1908	-7	1908	-5	
1909	-7	1909	-5	
1910	-7	1910	-5	
1911	-8	1911	-5	
1912	-8	1912	-5	
1913	-8	1913	-6	
1914	-8	1914	-6	
1915	-8	1915	-6	
1916	-9	1916	-6	
1917	-9	1917	-6	
1918	-9	1918	-7	
1919	-9	1919	-7	
1920	-10	1920	-7	
1921	-10	1921	-7	
1922	-10	1922	-8	
1923	-11	1923	-8	
1924	-11	1924	-8	
1925	-11	1925	-9	
1926	-12	1926	-9	
1927	-12	1927	-9	
1928	-12	1928	-9	
1929	-13	1929	-10	
1930	-13	1930	-10	
1931	-13	1931	-10	
1932	-14	1932	-10	
1933	-14	1933	-11	
1934	-14	1934	-11	
1935	-14	1935	-11	
1936	-15	1936	-11	
1937	-15	1937	-11	
1938	-15	1938	-11	
1939	-15	1939	-12	
1940	-15	1940	-12	
1941	-15	1941	-12	
1942	-16	1942	-12	
1943	-16	1943	-12	
1944	-16	1944	-12	
1945	-16	1945	-12	
1946	-16	1946	-12	
1947	-16	1947	-12	
1948	-16	1948	-12	
1949	-17	1949	-12	
1950	-17	1950	-12	
1951	-17	1951	-13	
1952	-17	1952	-13	
1953	-18	1953	-13	
1954	-18	1954	-13	
1955	-18	1955	-13	
1956	-18	1956	-13	
1957	-19	1957	-14	
1958	-19	1958	-14	
1959	-19	1959	-14	
1960	-19	1960	-14	
1961	-20	1961	-14	
1962	-20	1962	-14	
1963	-20	1963	-14	
1964	-20	1964	-15	
1965	-20	1965	-15	
1966	-20	1966	-15	
1967	-21	1967	-15	
1968	-21	1968	-15	
1969	-21	1969	-15	
1970	-21	1970	-15	
1971	-21	1971	-15	
1972	-21	1972	-15	
1973	-21	1973	-15	
1974	-22	1974	-15	
1975	-22	1975	-15	
1976	-22	1976	-16	
1977	-22	1977	-16	
1978	-22	1978	-16	
1979	-22	1979	-16	
1980	-23	1980	-16	
1981	-23	1981	-16	
1982	-23	1982	-17	
1983	-23	1983	-17	
1984	-23	1984	-17	
1985	-23	1985	-17	
1986	-23	1986	-17	
1987	-24	1987	-17	
1988	-24	1988	-18	
1989	-24	1989	-18	
1990	-24	1990	-18	
1991	-24	1991	-18	
1992	-24	1992	-18	
1993	-24	1993	-18	
1994	-24	1994	-19	
1995	-24	1995	-19	
1996	-24	1996	-19	
1997	-24	1997	-19	
1998	-24	1998	-19	
1999	-25	1999	-19	
2000	-25	2000	-19	
2001	-25	2001	-19	
2002	-25	2002	-19	
2003	-25	2003	-19	
2004	-25	2004	-19	
2005	-26	2005	-19	
2006	-26	2006	-19	
2007	-26	2007	-19	
2008	-26	2008	-19	
2009	-26	2009	-19	
2010	-26	2010	-19	
2011	-26	2011	-19	
2012	-27	2012	-19	
2013	-27	2013	-19	
2014	-27	2014	-20	
2015	-27	2015	-20	
2016	-27	2016	-20	
2017	-27	2017	-20	
2018	-27	2018	-20	
2019	-27	2019	-20	
2020	-27	2020	-21	
2021	-27	2021	-21	
2022	-27	2022	-21	
2023	-27	2023	-21	
2024	-28	2024	-21	
2025	-28	2025	-21	
2026	-28	2026	-22	
2027	-28	2027	-22	
2028	-28	2028	-22	
2029	-28	2029	-22	
2030	-29	2030	-22	
2031	-29	2031	-23	
2032	-29	2032	-23	
2033	-29	2033	-23	
2034	-29	2034	-23	
2035	-29	2035	-23	
2036	-29	2036	-23	
2037	-30	2037	-23	
2038	-30	2038	-23	
2039	-30	2039	-23	
2040	-30	2040	-23	
2041	-30	2041	-23	
2042	-30	2042	-23	
2043	-30	2043	-23	
2044	-30	2044	-23	
2045	-30	2045	-23	
2046	-30	2046	-23	
2047	-30	2047	-23	
2048	-30	2048	-23	
2049	-30	2049	-23	
2050	-31	2050	-23	
2051	-31	2051	-23	
2052	-31	2052	-23	
2053	-31	2053	-24	
2054	-31	2054	-24	
2055	-31	2055	-24	
2056	-31	2056	-24	
2057	-31	2057	-24	
2058	-31	2058	-24	
2059	-31	2059	-24	
2060	-31	2060	-24	
2061	-31	2061	-24	
2062	-32	2062	-24	
2063	-32	2063	-25	
2064	-32	2064	-25	
2065	-32	2065	-25	
2066	-32	2066	-25	
2067	-32	2067	-25	
2068	-32	2068	-25	
2069	-32	2069	-26	
2070	-32	2070	-26	
2071	-32	2071	-26	
2072	-32	2072	-26	
2073	-32	2073	-26	
2074	-33	2074	-26	
2075	-33	2075	-26	
2076	-33	2076	-26	
2077	-33	2077	-27	
2078	-33	2078	-27	
2079	-33	2079	-27	
2080	-33	2080	-27	
2081	-33	2081	-27	
2082	-33	2082	-27	
2083	-33	2083	-27	
2084	-33	2084	-27	
2085	-33	2085	-26	
2086	-33	2086	-26	
2087	-33	2087	-26	
2088	-33	2088	-26	
2089	-33	2089	-26	
2090	-33	2090	-26	
2091	-33	2091	-26	
2092	-33	2092	-26	
2093	-33	2093	-26	
2094	-33	2094	-26	
2095	-33	2095	-26	
2096	-32	2096	-26	
2097	-32	2097	-26	
2098	-32	2098	-25	
2099	-32	2099	-25	
2100	-33	2100	-25	
2101	-33	2101	-25	
2102	-33	2102	-26	
2103	-33	2103	-26	
2104	-33	2104	-26	
2105	-33	2105	-26	
2106	-33	2106	-26	
2107	-33	2107	-26	
2108	-33	2108	-26	
2109	-33	2109	-26	
2110	-33	2110	-26	
2111	-33	2111	-26	
2112	-33	2112	-26	
2113	-33	2113	-26	
2114	-33	2114	-26	
2115	-34	2115	-26	
2116	-34	2116	-26	
2117	-34	2117	-26	
2118	-34	2118	-26	
2119	-33	2119	-26	
2120	-33	2120	-26	
2121	-33	2121	-26	
2122	-33	2122	-26	
2123	-33	2123	-25	
2124	-33	2124	-25	
2125	-33	2125	-25	
2126	-33	2126	-25	
2127	-33	2127	-25	
2128	-33	2128	-25	
2129	-33	2129	-25	
2130	-33	2130	-25	
2131	-33	2131	-25	
2132	-33	2132	-25	
2133	-33	2133	-25	
2134	-32	2134	-25	
2135	-32	2135	-25	
2136	-32	2136	-25	
2137	-32	2137	-25	
2138	-32	2138	-25	
2139	-32	2139	-25	
2140	-32	2140	-25	
2141	-32	2141	-25	
2142	-32	2142	-25	
2143	-32	2143	-25	
2144	-32	2144	-25	
2145	-32	2145	-25	
2146	-31	2146	-25	
2147	-31	2147	-25	
2148	-31	2148	-24	
2149	-31	2149	-24	
2150	-31	2150	-24	
2151	-31	2151	-24	
2152	-31	2152	-24	
2153	-31	2153	-24	
2154	-31	2154	-24	
2155	-31	2155	-24	
2156	-31	2156	-24	
2157	-31	2157	-24	
2158	-31	2158	-24	
2159	-30	2159	-24	
2160	-30	2160	-24	
2161	-30	2161	-24	
2162	-30	2162	-24	
2163	-30	2163	-24	
2164	-30	2164	-24	
2165	-30	2165	-24	
2166	-30	2166	-24	
2167	-30	2167	-24	
2168	-30	2168	-24	
2169	-30	2169	-24	
2170	-30	2170	-24	
2171	-30	2171	-24	
2172	-29	2172	-24	
2173	-29	2173	-24	
2174	-29	2174	-23	
2175	-29	2175	-23	
2176	-29	2176	-23	
2177	-29	2177	-23	
2178	-29	2178	-23	
2179	-28	2179	-23	
2180	-28	2180	-23	
2181	-28	2181	-22	
2182	-28	2182	-22	
2183	-28	2183	-22	
2184	-28	2184	-22	
2185	-27	2185	-22	
2186	-27	2186	-22	
2187	-27	2187	-21	
2188	-27	2188	-21	
2189	-27	2189	-21	
2190	-27	2190	-21	
2191	-27	2191	-21	
2192	-27	2192	-21	
2193	-27	2193	-21	
2194	-27	2194	-21	
2195	-27	2195	-21	
2196	-27	2196	-21	
2197	-26	2197	-21	
2198	-26	2198	-20	
2199	-26	2199	-20	
2200	-26	2200	-20	
2201	-26	2201	-20	
2202	-26	2202	-20	
2203	-26	2203	-20	
2204	-25	2204	-20	
2205	-25	2205	-20	
2206	-25	2206	-20	
2207	-25	2207	-20	
2208	-25	2208	-20	
2209	-25	2209	-20	
2210	-24	2210	-20	
2211	-24	2211	-19	
2212	-24	2212	-19	
2213	-24	2213	-19	
2214	-23	2214	-19	
2215	-23	2215	-19	
2216	-23	2216	-19	
2217	-23	2217	-19	
2218	-22	2218	-18	
2219	-22	2219	-18	
2220	-22	2220	-18	
2221	-22	2221	-18	
2222	-21	2222	-18	
2223	-21	2223	-18	
2224	-21	2224	-17	
2225	-21	2225	-17	
2226	-21	2226	-17	
2227	-21	2227	-17	
2228	-21	2228	-17	
2229	-21	2229	-17	
2230	-21	2230	-16	
2231	-21	2231	-16	
2232	-21	2232	-16	
2233	-21	2233	-16	
2234	-20	2234	-16	
2235	-20	2235	-16	
2236	-20	2236	-16	
2237	-20	2237	-15	
2238	-20	2238	-15	
2239	-20	2239	-15	
2240	-20	2240	-15	
2241	-19	2241	-15	
2242	-19	2242	-15	
2243	-19	2243	-14	
2244	-19	2244	-14	
2245	-19	2245	-14	
2246	-19	2246	-14	
2247	-18	2247	-14	
2248	-18	2248	-14	
2249	-18	2249	-13	
2250	-18	2250	-13	
2251	-18	2251	-13	
2252	-18	2252	-13	
2253	-17	2253	-13	
2254	-17	2254	-13	
2255	-17	2255	-13	
2256	-17	2256	-12	
2257	-17	2257	-12	
2258	-17	2258	-12	
2259	-17	2259	-12	
2260	-16	2260	-12	
2261	-16	2261	-12	
2262	-16	2262	-11	
2263	-16	2263	-11	
2264	-16	2264	-11	
2265	-16	2265	-11	
2266	-15	2266	-10	
2267	-15	2267	-10	
2268	-15	2268	-10	
2269	-15	2269	-10	
2270	-15	2270	-9	
2271	-15	2271	-9	
2272	-14	2272	-9	
2273	-14	2273	-9	
2274	-14	2274	-8	
2275	-14	2275	-8	
2276	-14	2276	-8	
2277	-13	2277	-8	
2278	-13	2278	-8	
2279	-13	2279	-8	
2280	-13	2280	-8	
2281	-12	2281	-8	
2282	-12	2282	-8	
2283	-12	2283	-8	
2284	-12	2284	-8	
2285	-11	2285	-7	
2286	-11	2286	-7	
2287	-11	2287	-7	
2288	-11	2288	-7	
2289	-10	2289	-7	
2290	-10	2290	-7	
2291	-10	2291	-7	
2292	-10	2292	-7	
2293	-9	2293	-7	
2294	-9	2294	-7	
2295	-9	2295	-7	
2296	-9	2296	-7	
2297	-8	2297	-7	
2298	-8	2298	-7	
2299	-8	2299	-6	
2300	-8	2300	-6	
2301	-8	2301	-6	
2302	-8	2302	-6	
2303	-7	2303	-5	
2304	-7	2304	-5	
2305	-7	2305	-5	
2306	-7	2306	-4	
2307	-7	2307	-4	
2308	-7	2308	-4	
2309	-7	2309	-3	
2310	-6	2310	-3	
2311	-6	2311	-3	
2312	-6	2312	-2	
2313	-6	2313	-2	
2314	-6	2314	-2	
2315	-6	2315	-2	
2316	-5	2316	-2	
2317	-5	2317	-2	
2318	-5	2318	-1	
2319	-5	2319	-1	
2320	-5	2320	-1	
2321	-5	2321	-1	
2322	-4	2322	-1	
2323	-4	2323	-1	
2324	-4	2324	0	
2325	-4	2325	0	
2326	-4	2326	0	
2327	-3	2327	0	
2328	-3	2328	0	
2329	-3	2329	1	
2330	-3	2330	1	
2331	-2	2331	1	
2332	-2	2332	1	
2333	-2	2333	2	
2334	-2	2334	2	
2335	-1	2335	2	
2336	-1	2336	2	
2337	-1	2337	3	
2338	-1	2338	3	
2339	0	2339	3	
2340	0	2340	3	
2341	0	2341	3	
2342	0	2342	3	
2343	1	2343	4	
2344	1	2344	4	
2345	1	2345	4	
2346	1	2346	4	
2347	2	2347	4	
2348	2	2348	4	
2349	2	2349	5	
2350	2	2350	5	
2351	2	2351	5	
2352	3	2352	5	
2353	3	2353	5	
2354	3	2354	5	
2355	3	2355	5	
2356	4	2356	6	
2357	4	2357	6	
2358	4	2358	6	
2359	4	2359	6	
2360	5	2360	6	
2361	5	2361	6	
2362	5	2362	7	
2363	6	2363	7	
2364	6	2364	7	
2365	6	2365	7	
2366	7	2366	8	
2367	7	2367	8	
2368	7	2368	8	
2369	8	2369	8	
2370	8	2370	8	
2371	8	2371	9	
2372	8	2372	9	
2373	9	2373	9	
2374	9	2374	10	
2375	9	2375	10	
2376	9	2376	10	
2377	9	2377	10	
2378	10	2378	11	
2379	10	2379	11	
2380	10	2380	11	
2381	10	2381	11	
2382	10	2382	12	
2383	10	2383	12	
2384	10	2384	12	
2385	11	2385	12	
2386	11	2386	12	
2387	11	2387	13	
2388	11	2388	13	
2389	11	2389	13	
2390	11	2390	13	
2391	12	2391	13	
2392	12	2392	13	
2393	12	2393	13	
2394	12	2394	13	
2395	12	2395	13	
2396	12	2396	13	
2397	13	2397	13	
2398	13	2398	14	
2399	13	2399	14	
2400	13	2400	14	
2401	13	2401	14	
2402	14	2402	14	
2403	14	2403	14	
2404	14	2404	14	
2405	14	2405	14	
2406	15	2406	15	
2407	15	2407	15	
2408	15	2408	15	
2409	15	2409	15	
2410	16	2410	15	
2411	16	2411	15	
2412	16	2412	16	
2413	16	2413	16	
2414	16	2414	16	
2415	16	2415	16	
2416	17	2416	16	
2417	17	2417	16	
2418	17	2418	17	
2419	17	2419	17	
2420	17	2420	17	
2421	17	2421	17	
2422	18	2422	17	
2423	18	2423	17	
2424	18	2424	18	
2425	18	2425	18	
2426	18	2426	18	
2427	19	2427	18	
2428	19	2428	18	
2429	19	2429	18	
2430	19	2430	18	
2431	20	2431	18	
2432	20	2432	18	
2433	20	2433	18	
2434	20	2434	18	
2435	21	2435	18	
2436	21	2436	19	
2437	21	2437	19	
2438	21	2438	19	
2439	21	2439	19	
2440	21	2440	19	
2441	22	2441	19	
2442	22	2442	19	
2443	22	2443	20	
2444	22	2444	20	
2445	22	2445	20	
2446	22	2446	20	
2447	23	2447	20	
2448	23	2448	20	
2449	23	2449	21	
2450	23	2450	21	
2451	23	2451	21	
2452	23	2452	21	
2453	24	2453	21	
2454	24	2454	21	
2455	24	2455	21	
2456	24	2456	21	
2457	24	2457	21	
2458	24	2458	21	
2459	24	2459	21	
2460	25	2460	21	
2461	25	2461	22	
2462	25	2462	22	
2463	25	2463	22	
2464	25	2464	22	
2465	25	2465	22	
2466	25	2466	22	
2467	25	2467	22	
2468	25	2468	22	
2469	25	2469	22	
2470	25	2470	22	
2471	25	2471	22	
2472	26	2472	22	
2473	26	2473	23	
2474	26	2474	23	
2475	26	2475	23	
2476	26	2476	23	
2477	26	2477	23	
2478	26	2478	23	
2479	27	2479	23	
2480	27	2480	23	
2481	27	2481	23	
2482	27	2482	23	
2483	27	2483	23	
2484	27	2484	23	
2485	28	2485	23	
2486	28	2486	24	
2487	28	2487	24	
2488	28	2488	24	
2489	28	2489	24	
2490	28	2490	24	
2491	28	2491	24	
2492	28	2492	24	
2493	28	2493	24	
2494	28	2494	24	
2495	29	2495	24	
2496	29	2496	24	
2497	29	2497	24	
2498	29	2498	25	
2499	29	2499	25	
